frame_id,track_id,class_id,x1,y1,x2,y2
0,3,1,477,266,514,350
1,3,1,479,266,507,355
2,3,1,478,264,508,355
3,3,1,477,266,511,355
4,3,1,477,269,507,358
5,3,1,475,270,510,361
6,3,1,475,270,510,363
7,3,1,475,272,508,365
8,3,1,476,271,507,366
9,3,1,477,271,509,366
10,3,1,479,270,509,367
21,3,1,474,290,508,382
22,3,1,471,292,504,383
23,3,1,469,293,501,385
24,3,1,466,294,502,386
25,3,1,463,295,499,387
26,3,1,463,293,501,388
27,3,1,462,294,499,388
28,3,1,460,296,496,388
29,3,1,459,295,494,388
30,3,1,463,294,499,388
31,3,1,465,293,502,385
34,3,1,460,299,494,391
35,3,1,460,301,493,392
36,3,1,459,299,492,393
37,3,1,461,295,496,393
40,3,1,460,305,492,395
41,3,1,459,303,493,395
42,3,1,459,305,492,397
43,3,1,458,304,493,398
44,3,1,457,300,495,397
47,3,1,459,304,494,399
48,3,1,458,305,493,400
49,3,1,460,308,492,401
50,3,1,459,311,490,403
51,3,1,459,313,493,403
52,3,1,458,313,491,404
53,3,1,458,311,490,406
54,3,1,460,311,492,406
55,3,1,460,307,496,410
56,3,1,454,306,498,411
57,3,1,452,312,496,413
59,3,1,450,312,492,416
60,3,1,451,312,489,417
61,3,1,452,313,488,417
62,3,1,452,315,485,418
63,3,1,446,315,484,418
64,3,1,443,310,485,421
64,24,1,451,319,480,421
66,3,1,435,312,482,423
66,24,1,447,323,478,423
67,24,1,442,321,479,424
68,24,1,438,321,474,425
69,24,1,433,323,473,426
70,24,1,432,325,471,428
71,24,1,433,326,470,429
72,24,1,434,333,468,431
73,24,1,431,330,472,433
74,24,1,430,328,474,436
75,24,1,428,329,473,437
76,24,1,431,332,472,440
77,24,1,433,335,471,441
78,24,1,432,339,471,443
79,24,1,431,336,471,445
80,24,1,431,332,474,446
81,24,1,431,334,473,448
82,24,1,431,337,474,451
83,24,1,436,341,479,453
84,24,1,441,345,481,457
85,24,1,442,345,482,459
87,24,1,439,346,483,463
89,24,1,439,360,480,468
90,24,1,439,362,482,470
91,24,1,436,352,479,473
92,24,1,435,354,474,475
93,24,1,433,356,469,477
94,24,1,430,360,467,479
95,24,1,431,364,466,483
95,40,2,691,50,767,86
96,24,1,431,366,468,486
96,40,2,698,49,783,87
97,24,1,433,369,471,489
97,40,2,714,48,802,87
98,24,1,433,373,471,491
98,40,2,733,48,825,87
99,24,1,431,379,469,494
99,40,2,752,50,846,88
99,44,2,889,55,961,88
100,24,1,428,375,469,497
100,40,2,774,52,866,88
100,44,2,886,55,953,89
101,24,1,426,379,467,500
101,40,2,795,53,877,88
101,44,2,876,55,936,90
102,24,1,422,384,466,503
103,24,1,421,391,460,506
103,40,2,833,54,925,94
104,24,1,417,393,460,509
104,40,2,856,56,941,95
105,24,1,410,393,459,513
105,40,2,880,58,953,95
105,50,2,787,49,867,84
106,24,1,406,401,452,517
106,50,2,774,49,849,84
107,24,1,401,397,445,520
107,50,2,765,47,830,84
108,24,1,404,409,444,521
109,24,1,404,410,444,526
109,55,1,410,417,437,526
109,50,2,741,52,814,85
110,24,1,402,412,445,531
110,50,2,749,54,825,86
111,24,1,400,414,447,532
112,24,1,397,410,447,536
112,44,2,781,55,877,88
112,55,1,404,417,440,536
113,24,1,400,408,443,540
113,55,1,406,416,437,539
114,24,1,396,408,444,543
114,55,1,401,418,434,542
115,24,1,393,410,446,545
115,55,1,399,437,437,545
116,24,1,390,423,448,548
116,55,1,397,439,438,548
117,24,1,391,434,448,552
117,55,1,404,441,435,551
118,24,1,394,437,448,554
118,55,1,404,444,440,554
119,24,1,396,441,449,558
119,55,1,405,447,440,558
120,24,1,393,438,451,560
120,55,1,404,453,439,561
121,55,1,400,454,438,563
122,55,1,403,455,438,566
122,24,1,396,447,447,566
123,55,1,404,464,440,569
123,24,1,399,453,448,569
124,24,1,406,449,449,572
125,24,1,402,450,448,575
125,55,1,409,460,444,575
126,24,1,405,452,450,579
126,55,1,410,459,443,579
127,24,1,403,455,446,581
127,55,1,408,464,441,581
128,24,1,399,454,450,584
128,55,1,405,464,442,584
129,55,1,402,467,441,587
129,44,2,659,53,747,85
130,24,1,394,463,446,591
131,24,1,390,464,445,594
132,24,1,390,470,445,595
133,24,1,382,471,439,599
134,24,1,381,480,428,604
135,24,1,382,485,424,607
136,24,1,381,485,424,609
137,24,1,378,488,424,614
138,24,1,376,489,423,617
139,24,1,378,492,425,619
140,24,1,376,493,423,622
141,24,1,378,505,415,626
142,24,1,381,510,411,628
143,24,1,379,514,412,631
144,24,1,378,509,417,635
145,24,1,383,513,420,640
146,24,1,381,513,421,644
147,24,1,377,511,423,647
148,24,1,371,517,419,651
149,24,1,369,519,419,653
150,24,1,370,526,420,656
151,24,1,370,534,415,660
152,24,1,371,533,420,665
153,24,1,373,539,419,669
154,24,1,376,543,415,673
155,24,1,367,549,408,678
156,24,1,357,539,405,681
157,24,1,351,542,409,685
158,24,1,347,551,404,690
159,24,1,343,550,404,693
160,24,1,340,555,402,696
161,24,1,338,558,391,700
162,24,1,337,559,385,704
163,24,1,339,560,378,707
164,24,1,341,566,378,712
165,24,1,337,574,379,716
166,24,1,338,581,378,720
167,24,1,338,584,380,724
168,24,1,338,590,380,728
169,24,1,337,595,373,732
170,24,1,337,596,372,737
170,96,1,328,588,381,732
171,24,1,335,599,372,742
172,96,1,323,602,379,747
173,96,1,318,606,378,753
174,96,1,318,615,376,757
175,96,1,314,614,373,763
175,24,1,319,622,360,761
176,96,1,312,614,372,767
177,96,1,304,620,362,771
177,24,1,318,630,355,771
178,96,1,297,626,357,777
178,24,1,312,636,353,777
179,96,1,294,638,353,784
180,96,1,289,637,355,789
181,96,1,283,641,352,796
182,96,1,281,645,346,801
183,96,1,281,648,340,808
184,96,1,276,657,348,814
185,96,1,274,658,352,820
186,96,1,271,652,352,825
186,24,1,280,665,342,824
187,96,1,268,654,352,832
187,24,1,277,670,341,830
188,96,1,274,664,351,837
188,24,1,277,678,333,834
189,96,1,276,670,349,843
189,24,1,277,684,325,841
190,96,1,271,671,345,848
190,24,1,272,693,317,847
191,24,1,269,701,316,852
192,24,1,262,697,313,860
192,96,1,255,681,328,861
193,96,1,249,682,316,866
194,24,1,251,711,304,870
195,24,1,247,711,302,880
196,24,1,247,723,294,887
197,24,1,247,731,288,894
197,96,1,235,721,295,892
198,96,1,230,735,292,898
199,96,1,217,738,288,905
200,96,1,212,740,287,913
201,96,1,203,740,283,920
202,96,1,193,744,279,927
204,96,1,199,769,259,940
205,96,1,193,775,255,946
206,96,1,188,778,253,954
207,96,1,180,781,248,961
208,96,1,179,787,247,967
209,96,1,175,789,248,976
210,96,1,168,793,242,979
211,96,1,167,791,242,988
212,96,1,160,807,229,995
212,110,2,1099,965,1507,1078
213,96,1,154,823,226,1004
213,110,2,1105,931,1504,1076
214,96,1,145,834,217,1012
214,110,2,1112,892,1498,1074
215,96,1,140,832,214,1020
215,110,2,1119,854,1490,1074
216,96,1,130,835,210,1029
216,110,2,1122,818,1483,1073
217,96,1,130,844,203,1037
217,110,2,1123,784,1474,1069
218,96,1,121,847,201,1044
218,110,2,1122,754,1464,1043
219,96,1,112,863,192,1051
219,110,2,1121,723,1454,1009
220,96,1,104,862,193,1061
220,110,2,1120,693,1444,974
221,96,1,99,869,191,1069
221,110,2,1116,665,1433,937
221,117,1,109,885,178,1067
222,96,1,90,874,187,1077
222,110,2,1109,640,1421,903
222,117,1,102,884,172,1074
223,110,2,1102,617,1408,873
224,110,2,1093,595,1393,842
224,117,1,87,893,164,1079
225,110,2,1084,574,1378,813
225,121,1,102,912,150,1078
225,117,1,86,901,156,1079
226,110,2,1073,556,1362,786
226,121,1,98,918,151,1078
226,117,1,79,905,158,1079
227,110,2,1063,536,1345,762
227,117,1,66,913,157,1079
228,110,2,1051,517,1329,737
228,117,1,56,916,158,1079
228,123,2,806,57,857,85
228,121,1,75,927,150,1079
229,110,2,1041,501,1312,715
229,117,1,51,921,158,1079
229,123,2,797,57,845,84
229,121,1,63,937,146,1079
230,110,2,1028,482,1296,694
230,117,1,48,923,153,1079
230,123,2,784,57,834,84
230,121,1,59,955,139,1079
231,110,2,1017,466,1280,673
231,117,1,42,922,146,1079
231,123,2,772,57,824,84
231,121,1,59,969,130,1079
232,110,2,1007,454,1264,654
232,117,1,31,951,132,1079
232,123,2,764,56,815,83
232,121,1,49,974,119,1079
233,110,2,1000,442,1249,635
233,117,1,17,972,118,1079
233,123,2,756,55,807,83
233,121,1,38,981,107,1079
234,110,2,992,428,1236,618
234,123,2,750,54,799,83
234,121,1,28,995,95,1079
235,110,2,981,414,1222,601
235,123,2,744,54,791,83
235,117,1,0,966,105,1080
236,110,2,975,400,1210,584
236,123,2,737,52,783,82
236,117,1,0,967,97,1080
236,121,1,2,990,83,1079
237,110,2,969,390,1199,568
237,123,2,715,51,776,82
238,110,2,963,380,1188,554
238,123,2,716,51,768,82
239,110,2,956,369,1177,539
239,123,2,714,49,763,82
240,110,2,951,359,1168,526
240,123,2,708,49,757,81
241,110,2,947,348,1160,513
241,123,2,704,50,751,81
242,110,2,944,339,1152,501
242,123,2,701,50,746,81
243,110,2,941,328,1146,489
243,123,2,699,50,742,81
244,110,2,937,322,1139,478
244,123,2,698,51,737,81
245,110,2,935,315,1135,468
245,123,2,695,50,732,81
246,110,2,932,307,1128,458
246,123,2,686,51,728,82
247,110,2,929,300,1121,449
247,123,2,684,52,724,82
248,110,2,928,293,1117,440
249,110,2,927,285,1113,432
250,110,2,926,280,1110,424
250,123,2,672,51,716,82
251,110,2,924,276,1105,416
251,123,2,667,50,714,82
252,110,2,923,271,1101,409
252,123,2,661,50,712,82
253,110,2,922,267,1098,401
253,123,2,661,50,711,82
254,110,2,920,262,1093,394
254,123,2,662,50,708,82
255,110,2,918,257,1088,387
255,123,2,662,50,706,82
256,110,2,916,252,1084,381
256,123,2,661,50,706,82
257,110,2,913,246,1080,374
257,123,2,660,50,706,82
258,110,2,912,242,1074,368
258,123,2,659,50,705,82
259,110,2,909,238,1070,361
259,123,2,659,50,705,81
260,110,2,906,234,1067,356
260,123,2,659,50,704,81
261,110,2,904,229,1063,349
261,123,2,658,51,704,81
262,110,2,903,224,1060,343
262,123,2,652,50,704,82
263,110,2,901,220,1055,337
263,123,2,656,49,705,81
264,110,2,901,216,1051,331
265,110,2,899,211,1048,326
265,123,2,631,47,707,83
266,110,2,896,209,1044,320
266,123,2,638,49,703,83
267,110,2,894,204,1041,314
268,110,2,891,200,1037,309
268,140,2,690,54,768,86
269,110,2,890,197,1034,304
269,140,2,700,52,780,87
269,123,2,645,49,690,82
270,110,2,888,193,1030,299
270,140,2,709,51,803,87
270,123,2,642,48,688,81
271,110,2,889,189,1028,294
271,140,2,729,54,825,87
271,123,2,643,49,685,81
272,110,2,886,186,1025,289
272,140,2,748,56,843,88
272,123,2,643,49,684,81
273,110,2,886,183,1022,285
273,140,2,765,57,863,89
273,123,2,641,49,682,81
274,110,2,885,180,1021,281
274,140,2,785,57,877,89
274,123,2,639,50,678,80
275,110,2,884,177,1019,276
275,140,2,805,57,893,88
275,123,2,636,50,674,79
276,110,2,882,174,1017,273
276,123,2,631,49,671,78
277,110,2,882,172,1015,269
277,140,2,847,60,926,91
278,110,2,881,171,1013,266
279,110,2,883,168,1012,263
279,123,2,622,48,659,77
280,110,2,883,166,1009,260
281,110,2,883,164,1007,256
282,110,2,881,160,1005,252
283,110,2,879,157,1003,248
284,110,2,880,154,1000,244
285,110,2,880,151,998,241
286,110,2,879,149,996,237
287,110,2,880,147,995,234
288,110,2,880,145,993,231
289,110,2,878,143,991,229
290,110,2,877,142,989,225
291,110,2,877,140,986,223
292,110,2,875,137,984,220
293,110,2,875,135,983,218
294,110,2,874,133,980,215
295,110,2,873,131,978,212
296,110,2,872,128,977,209
297,110,2,870,126,975,206
298,110,2,870,123,973,204
299,110,2,869,121,971,201
300,110,2,869,119,969,199
301,110,2,867,117,966,197
302,110,2,867,116,964,194
303,110,2,867,114,962,191
304,110,2,866,113,960,189
305,110,2,865,112,959,187
306,110,2,864,108,958,184
307,110,2,862,107,957,181
308,110,2,861,106,955,178
309,110,2,861,104,953,176
310,110,2,860,103,950,174
311,110,2,859,103,949,172
312,110,2,858,101,947,170
313,110,2,858,99,946,169
314,110,2,856,96,944,167
315,110,2,856,96,943,164
316,110,2,855,95,941,163
317,110,2,855,94,940,161
318,110,2,854,94,940,160
319,110,2,853,92,939,158
320,110,2,852,91,939,157
321,110,2,850,90,939,155
322,110,2,849,89,939,154
323,110,2,848,88,939,153
324,110,2,848,88,938,152
325,110,2,846,87,937,151
326,110,2,846,86,936,150
327,110,2,846,86,932,150
328,110,2,845,86,931,149
329,110,2,845,86,929,148
330,110,2,843,86,927,146
331,110,2,842,86,926,146
332,110,2,841,86,926,145
333,110,2,840,86,927,144
334,110,2,839,86,924,144
335,110,2,838,85,924,144
336,110,2,836,86,919,143
337,110,2,833,86,917,143
338,110,2,832,86,915,142
339,110,2,830,86,908,142
340,110,2,828,87,904,142
341,110,2,824,89,898,142
342,110,2,821,91,893,142
342,162,2,654,110,688,144
343,110,2,812,95,886,141
343,162,2,655,112,693,144
344,110,2,804,97,883,141
344,162,2,655,113,696,144
345,110,2,797,99,880,141
345,162,2,655,111,698,144
346,110,2,795,99,879,141
346,162,2,655,110,700,144
347,110,2,808,102,877,141
347,162,2,655,110,703,143
348,110,2,812,109,876,141
348,162,2,655,110,706,144
349,110,2,812,110,875,141
349,162,2,655,110,708,144
350,110,2,811,106,873,141
350,162,2,655,110,709,144
351,110,2,809,108,874,142
351,162,2,656,110,711,144
351,168,2,762,110,817,142
352,110,2,808,101,872,141
352,162,2,656,109,713,144
352,168,2,758,111,816,142
353,110,2,808,99,872,141
353,162,2,657,109,715,143
353,168,2,752,110,815,142
354,110,2,807,99,871,140
354,162,2,657,107,716,143
354,168,2,746,110,814,142
355,110,2,806,98,870,140
355,162,2,658,107,717,143
355,168,2,741,109,812,143
356,110,2,806,99,870,140
356,162,2,660,106,718,143
356,168,2,736,109,810,143
357,110,2,806,101,868,140
357,162,2,662,106,718,143
357,168,2,730,110,809,143
358,110,2,804,103,866,141
358,162,2,663,105,719,143
358,168,2,726,110,807,143
359,110,2,802,103,868,141
359,162,2,664,104,721,143
359,168,2,722,110,803,143
360,110,2,802,103,867,142
360,162,2,666,103,721,143
360,168,2,719,110,801,143
361,110,2,803,104,866,142
361,162,2,667,103,722,143
361,168,2,717,110,795,143
362,110,2,800,103,862,142
362,162,2,668,103,723,143
362,168,2,716,110,789,143
363,110,2,798,104,860,142
363,162,2,669,103,723,143
363,168,2,716,110,782,143
364,110,2,798,103,858,142
364,162,2,670,104,724,142
364,168,2,715,110,776,143
365,110,2,797,104,856,141
365,162,2,670,104,723,142
365,168,2,715,110,769,143
366,110,2,795,105,855,141
366,162,2,670,104,724,142
366,168,2,715,110,763,143
367,110,2,793,104,855,141
367,162,2,671,104,724,142
367,168,2,715,110,758,143
368,110,2,793,104,853,141
368,162,2,672,103,724,142
368,168,2,716,111,754,143
369,110,2,792,104,851,141
369,162,2,672,103,725,142
369,168,2,718,110,749,142
370,110,2,793,108,851,142
370,162,2,673,102,737,142
371,110,2,792,106,850,141
371,162,2,673,100,739,143
372,110,2,791,105,850,141
372,162,2,673,99,738,142
373,110,2,790,106,849,141
373,162,2,672,99,737,142
374,110,2,789,105,848,141
374,162,2,671,98,737,143
375,110,2,789,106,848,141
375,162,2,670,97,737,143
376,110,2,787,106,847,141
376,162,2,669,97,738,142
377,110,2,787,108,845,141
377,162,2,668,96,740,142
378,110,2,786,107,843,141
378,162,2,669,96,741,142
379,110,2,785,108,842,142
379,162,2,675,96,742,142
380,110,2,784,108,841,141
380,162,2,679,96,743,142
381,110,2,783,109,838,141
381,162,2,681,96,744,143
382,110,2,782,109,835,141
382,162,2,682,95,744,143
383,110,2,781,108,834,141
383,162,2,683,95,745,143
383,185,2,659,110,688,143
384,110,2,789,110,832,140
384,162,2,685,95,747,143
384,185,2,659,110,690,143
385,110,2,780,109,830,141
385,162,2,686,95,748,143
385,185,2,658,111,690,143
386,110,2,776,109,828,141
386,162,2,686,95,750,143
386,185,2,658,111,692,143
387,110,2,771,110,824,139
387,162,2,690,94,753,142
387,185,2,658,110,695,143
388,110,2,766,110,816,135
388,162,2,692,94,756,142
388,185,2,659,110,696,142
389,110,2,764,111,806,135
389,162,2,695,94,761,142
389,185,2,659,108,700,142
390,162,2,698,93,766,141
390,185,2,658,106,703,142
391,162,2,702,92,770,141
391,185,2,659,104,707,143
392,162,2,704,92,771,141
392,185,2,660,103,709,143
393,162,2,707,91,773,142
393,185,2,663,102,710,143
394,162,2,707,91,775,142
394,185,2,665,102,711,143
395,162,2,710,87,781,142
395,185,2,667,102,714,143
396,162,2,714,86,784,142
396,185,2,669,102,720,142
397,162,2,716,85,787,141
397,185,2,671,101,725,142
398,162,2,717,84,789,142
398,185,2,671,100,726,142
399,162,2,717,82,790,142
399,185,2,671,99,728,142
400,162,2,718,82,792,141
400,185,2,671,99,730,142
401,162,2,717,83,792,141
401,185,2,672,99,727,142
402,162,2,718,82,793,142
402,185,2,672,99,725,142
402,191,2,1535,121,1580,207
403,162,2,719,83,794,141
403,185,2,673,98,726,142
403,191,2,1522,110,1579,212
404,162,2,720,83,796,141
404,185,2,674,97,726,142
404,191,2,1509,105,1580,218
405,162,2,720,82,797,141
405,185,2,674,97,726,141
405,191,2,1495,106,1580,224
406,162,2,720,82,797,141
406,185,2,674,97,726,141
406,191,2,1482,104,1580,229
407,162,2,720,82,797,141
407,185,2,674,97,726,141
407,191,2,1469,105,1579,233
408,162,2,719,82,796,142
408,185,2,674,96,726,142
408,191,2,1457,107,1580,238
409,162,2,718,82,796,142
409,185,2,675,96,725,142
409,191,2,1445,108,1579,242
410,162,2,717,82,797,143
410,185,2,675,95,725,142
410,191,2,1433,111,1579,244
411,162,2,717,81,797,143
411,185,2,675,95,724,142
411,191,2,1422,115,1578,247
412,162,2,718,79,797,143
412,185,2,675,95,725,142
412,191,2,1410,118,1578,250
413,162,2,718,79,799,143
413,185,2,676,95,726,142
413,191,2,1399,121,1579,252
414,162,2,718,79,799,143
414,185,2,677,96,726,142
414,191,2,1389,123,1579,254
415,162,2,718,79,798,145
415,185,2,678,96,726,142
415,191,2,1378,126,1578,256
416,162,2,718,79,798,146
416,185,2,679,96,725,143
416,191,2,1371,129,1578,256
417,162,2,718,78,798,147
417,185,2,678,96,725,143
417,191,2,1362,133,1579,257
418,162,2,718,78,799,148
418,185,2,679,95,725,143
418,191,2,1358,135,1580,258
419,162,2,718,79,798,148
419,185,2,679,95,725,143
419,191,2,1355,136,1579,258
420,162,2,718,80,799,149
420,185,2,680,96,725,143
420,191,2,1355,137,1579,256
421,162,2,717,80,801,150
421,185,2,680,95,725,143
421,191,2,1354,138,1577,256
422,162,2,717,80,801,151
422,185,2,681,95,726,143
422,191,2,1354,139,1574,256
423,162,2,717,80,802,152
423,185,2,682,95,726,142
423,191,2,1350,140,1570,257
424,162,2,717,80,803,153
424,185,2,682,94,726,142
424,191,2,1331,142,1566,259
425,162,2,717,81,804,153
425,185,2,683,92,729,141
425,191,2,1320,142,1563,262
426,162,2,717,81,805,155
426,185,2,684,91,731,141
426,191,2,1313,142,1560,263
427,162,2,718,83,805,156
427,185,2,686,92,732,141
427,191,2,1309,143,1558,264
428,162,2,718,84,804,157
428,185,2,688,91,732,141
428,191,2,1307,143,1556,265
429,162,2,718,85,804,159
429,185,2,688,91,733,141
429,191,2,1306,144,1555,266
430,162,2,718,86,804,160
430,185,2,691,90,733,141
430,191,2,1305,144,1554,266
431,162,2,718,88,804,162
431,185,2,692,91,733,141
431,191,2,1305,144,1554,266
432,162,2,718,89,804,163
432,185,2,692,90,734,142
432,191,2,1305,145,1554,266
433,162,2,717,90,804,165
433,185,2,693,90,735,143
433,191,2,1305,145,1554,266
434,162,2,715,92,803,166
434,191,2,1306,145,1555,266
435,162,2,714,93,803,167
435,191,2,1306,145,1555,266
436,162,2,712,93,802,169
436,191,2,1307,145,1555,266
437,162,2,709,94,803,170
437,191,2,1307,145,1555,266
438,162,2,709,94,802,171
438,191,2,1307,145,1555,266
438,185,2,697,89,764,143
439,162,2,707,94,802,173
439,191,2,1307,145,1555,266
439,185,2,698,88,770,143
440,162,2,704,94,801,175
440,191,2,1307,145,1555,266
441,162,2,703,96,801,176
441,191,2,1307,145,1555,266
442,162,2,702,95,798,178
442,191,2,1307,145,1555,265
443,162,2,701,95,798,179
443,191,2,1307,145,1555,265
444,162,2,699,92,798,181
444,191,2,1308,145,1555,266
445,162,2,699,89,797,182
445,191,2,1308,145,1555,266
446,162,2,698,90,796,184
446,191,2,1308,145,1555,266
447,162,2,697,101,795,187
447,191,2,1308,145,1555,266
447,185,2,700,84,780,142
448,162,2,697,110,794,189
448,191,2,1308,145,1555,265
448,185,2,701,83,778,137
449,162,2,696,111,795,191
449,191,2,1307,144,1555,265
449,185,2,700,83,778,139
450,162,2,695,115,795,193
450,191,2,1307,144,1555,265
450,185,2,701,82,781,136
451,162,2,694,114,794,195
451,191,2,1307,144,1554,265
451,185,2,701,82,784,130
452,162,2,692,114,794,197
452,191,2,1307,144,1554,264
452,185,2,701,80,786,128
453,162,2,688,114,793,199
453,191,2,1307,144,1554,264
453,185,2,702,81,785,128
454,162,2,687,117,794,200
454,191,2,1308,144,1554,264
454,185,2,703,80,784,128
455,162,2,684,117,794,203
455,191,2,1308,144,1555,264
455,185,2,705,80,785,128
456,162,2,681,118,793,205
456,191,2,1308,144,1554,265
456,185,2,706,79,784,131
457,162,2,680,119,792,208
457,191,2,1308,145,1555,265
457,185,2,707,80,783,134
458,162,2,680,121,792,210
458,191,2,1308,145,1555,265
458,185,2,707,80,784,138
459,162,2,680,125,793,213
459,191,2,1308,145,1555,265
459,185,2,707,82,784,140
460,162,2,679,126,793,215
460,191,2,1308,145,1555,265
460,185,2,706,82,785,143
461,162,2,678,129,792,217
461,191,2,1308,145,1555,265
461,185,2,707,82,785,145
462,162,2,677,130,792,219
462,191,2,1308,145,1555,265
462,185,2,707,79,785,145
463,162,2,676,133,792,221
463,191,2,1308,145,1555,265
463,185,2,706,80,786,145
464,162,2,675,135,793,224
464,191,2,1308,145,1555,265
464,185,2,706,80,786,144
465,162,2,674,136,793,226
465,191,2,1308,145,1555,265
465,185,2,706,80,787,144
466,162,2,673,138,793,229
466,191,2,1308,145,1555,265
466,185,2,705,80,788,144
467,162,2,673,139,794,231
467,191,2,1308,145,1555,265
467,185,2,704,80,789,144
468,162,2,672,140,794,234
468,191,2,1308,145,1555,265
468,185,2,705,80,790,145
469,162,2,672,142,794,236
469,191,2,1308,145,1555,265
469,185,2,705,80,790,147
470,162,2,670,143,795,238
470,191,2,1308,145,1555,265
470,185,2,704,80,789,147
471,162,2,670,144,796,241
471,191,2,1308,144,1555,265
471,185,2,704,80,790,148
472,162,2,670,146,797,244
472,191,2,1308,144,1555,265
472,185,2,704,80,791,149
473,162,2,670,148,797,247
473,191,2,1308,144,1555,265
473,185,2,705,79,792,150
474,162,2,670,148,798,250
474,191,2,1308,144,1555,264
474,185,2,704,79,793,150
475,162,2,670,152,798,253
475,191,2,1308,144,1555,265
475,185,2,705,81,793,151
476,162,2,668,153,798,256
476,191,2,1308,144,1555,265
476,185,2,705,82,792,152
477,162,2,667,156,798,260
477,191,2,1308,145,1555,265
477,185,2,705,83,793,153
478,162,2,666,158,798,263
478,191,2,1308,145,1555,265
478,185,2,705,85,794,154
479,162,2,666,161,799,266
479,191,2,1308,145,1555,265
479,185,2,705,86,794,157
480,162,2,664,163,800,270
480,191,2,1308,145,1555,265
480,185,2,704,86,795,159
481,162,2,664,166,800,273
481,191,2,1308,145,1555,266
481,185,2,704,88,795,161
482,162,2,663,168,800,277
482,191,2,1308,145,1555,266
482,185,2,704,89,796,162
483,162,2,663,171,800,279
483,191,2,1308,145,1555,266
483,185,2,705,89,796,164
484,162,2,662,172,800,282
484,191,2,1308,145,1555,266
484,185,2,705,90,797,165
485,162,2,661,175,801,284
485,191,2,1308,145,1555,266
485,185,2,705,92,797,166
486,162,2,660,179,802,288
486,191,2,1308,145,1555,266
486,185,2,705,92,797,167
487,162,2,659,181,803,292
487,191,2,1308,145,1555,266
487,185,2,705,93,797,169
488,162,2,658,184,803,295
488,191,2,1308,145,1555,266
488,185,2,704,93,797,171
489,162,2,658,186,804,299
489,191,2,1308,145,1555,266
489,185,2,702,93,797,172
490,162,2,657,188,805,302
490,191,2,1308,145,1555,266
490,185,2,702,95,798,174
491,162,2,655,190,805,306
491,191,2,1308,145,1555,266
491,185,2,701,96,797,176
492,162,2,654,193,805,310
492,191,2,1308,145,1555,266
492,185,2,699,99,797,178
493,162,2,654,196,806,314
493,191,2,1308,145,1555,265
493,185,2,698,100,796,180
494,162,2,652,199,807,318
494,191,2,1308,145,1555,265
494,185,2,698,102,796,183
495,162,2,651,203,807,323
495,191,2,1308,144,1555,265
495,185,2,696,104,796,184
496,162,2,651,206,806,327
496,191,2,1307,144,1555,265
496,185,2,695,106,795,186
497,162,2,649,209,807,331
497,191,2,1307,144,1555,265
497,185,2,695,108,795,188
498,162,2,648,211,807,336
498,191,2,1307,144,1555,265
498,185,2,694,111,795,190
499,162,2,647,215,809,341
499,191,2,1307,144,1555,265
499,185,2,692,113,794,193
500,162,2,646,218,811,346
500,191,2,1307,144,1555,265
500,185,2,691,114,793,196
501,162,2,645,222,811,351
501,191,2,1308,144,1555,265
501,185,2,689,116,792,198
502,162,2,643,226,813,355
502,191,2,1307,144,1555,265
502,185,2,688,118,792,200
503,162,2,642,230,813,360
503,191,2,1308,144,1555,265
503,185,2,685,120,793,202
504,162,2,641,233,813,365
504,191,2,1308,145,1555,265
504,185,2,684,121,792,205
505,162,2,640,236,814,370
505,191,2,1308,145,1555,265
505,185,2,683,123,792,208
506,162,2,639,239,814,375
506,191,2,1308,145,1555,265
506,185,2,680,125,792,211
507,162,2,639,243,814,379
507,191,2,1308,145,1555,265
507,185,2,679,127,791,213
508,162,2,638,247,814,383
508,191,2,1308,145,1555,265
508,185,2,678,128,789,216
509,162,2,637,249,816,386
509,191,2,1308,145,1555,265
509,185,2,677,131,789,218
510,162,2,636,252,816,391
510,191,2,1308,145,1555,265
510,185,2,676,133,790,220
511,162,2,636,254,817,395
511,191,2,1308,145,1555,264
511,185,2,675,135,790,223
512,162,2,635,256,820,401
512,191,2,1308,145,1555,264
512,185,2,674,137,791,226
513,162,2,634,260,820,406
513,191,2,1308,145,1554,264
513,185,2,674,139,791,229
514,162,2,632,265,821,412
514,191,2,1308,144,1554,264
514,185,2,674,141,791,232
515,162,2,631,270,822,417
515,191,2,1308,144,1554,263
515,185,2,671,142,790,234
516,162,2,628,273,824,424
516,191,2,1308,144,1555,263
516,185,2,669,143,791,236
517,162,2,627,277,824,430
517,191,2,1308,144,1555,263
517,185,2,668,144,792,240
518,162,2,626,281,826,438
518,191,2,1308,144,1555,263
518,185,2,667,145,792,243
519,162,2,625,287,826,445
519,191,2,1308,144,1555,263
519,185,2,665,147,792,246
520,162,2,623,292,827,452
520,191,2,1308,144,1555,263
520,185,2,663,149,794,249
521,162,2,621,299,829,462
521,191,2,1308,143,1554,263
521,185,2,663,152,795,253
522,162,2,619,304,829,471
522,191,2,1308,143,1554,263
522,185,2,664,155,797,256
523,162,2,617,311,830,480
523,191,2,1307,144,1554,263
523,185,2,664,159,796,260
524,162,2,615,318,830,490
524,191,2,1307,144,1553,263
524,185,2,663,162,796,263
525,162,2,614,326,830,500
525,191,2,1306,144,1553,264
525,185,2,662,165,798,267
526,162,2,611,333,830,511
526,191,2,1306,144,1553,264
526,185,2,661,168,798,271
527,162,2,608,343,830,523
527,191,2,1306,144,1552,264
527,185,2,660,171,799,275
528,162,2,606,351,831,533
528,191,2,1305,144,1552,264
528,185,2,659,174,799,278
529,162,2,602,360,830,545
529,191,2,1305,145,1551,265
529,185,2,659,176,800,281
530,162,2,599,369,831,557
530,191,2,1304,145,1549,264
530,185,2,659,178,802,284
531,162,2,596,379,831,569
531,191,2,1303,146,1548,264
531,185,2,658,181,802,288
532,162,2,593,389,831,581
532,191,2,1301,147,1547,264
532,185,2,657,183,804,291
533,162,2,590,398,831,593
533,191,2,1298,147,1544,265
533,185,2,656,185,806,296
534,162,2,587,407,831,606
534,191,2,1295,148,1542,265
534,185,2,656,187,807,300
535,162,2,583,417,833,621
535,191,2,1291,148,1538,266
535,185,2,656,191,807,303
536,162,2,579,426,832,633
536,191,2,1286,150,1535,266
536,185,2,656,193,809,307
537,162,2,575,438,832,648
537,191,2,1279,150,1529,266
537,185,2,656,196,810,311
538,162,2,570,449,832,662
538,191,2,1273,151,1524,267
538,185,2,656,198,812,316
539,162,2,566,460,831,677
539,191,2,1266,152,1517,267
539,185,2,655,202,813,321
540,162,2,562,471,831,692
540,191,2,1258,152,1510,268
540,185,2,655,205,814,325
541,162,2,557,485,830,709
541,191,2,1249,154,1501,270
541,185,2,656,209,815,330
542,162,2,549,496,828,726
542,191,2,1239,156,1490,270
542,185,2,656,212,817,335
543,162,2,543,510,826,746
543,191,2,1228,158,1480,271
543,185,2,656,216,820,341
544,162,2,535,518,824,766
544,191,2,1216,160,1468,272
544,185,2,655,219,822,346
545,162,2,527,537,823,786
545,191,2,1204,161,1456,273
545,185,2,655,223,824,350
546,162,2,518,544,817,807
546,191,2,1192,162,1443,274
546,185,2,655,228,826,355
547,162,2,508,554,813,828
547,191,2,1178,164,1429,276
547,185,2,655,231,828,360
548,162,2,497,577,807,851
548,191,2,1164,165,1413,278
548,185,2,654,236,828,366
549,162,2,485,598,801,876
549,191,2,1150,168,1399,278
549,185,2,653,240,831,371
550,162,2,471,623,794,903
550,191,2,1135,170,1381,281
550,185,2,653,243,832,376
551,162,2,457,630,786,929
551,191,2,1120,171,1350,282
551,185,2,651,247,833,381
552,162,2,440,657,778,956
552,191,2,1104,173,1338,284
552,185,2,650,250,835,385
553,162,2,427,686,769,985
553,191,2,1088,175,1326,285
553,185,2,650,253,837,390
554,162,2,408,710,759,1012
554,191,2,1071,176,1311,287
554,185,2,649,256,838,396
555,162,2,389,723,748,1045
555,191,2,1056,176,1296,288
555,185,2,649,258,840,402
556,162,2,368,746,737,1072
556,191,2,1040,177,1278,289
556,185,2,648,262,841,408
557,162,2,344,765,723,1080
557,191,2,1023,177,1260,290
557,185,2,646,268,842,415
558,162,2,319,802,710,1080
558,191,2,1007,179,1240,292
558,185,2,644,274,843,421
559,162,2,292,831,693,1080
559,191,2,990,180,1221,294
559,185,2,643,278,845,429
560,162,2,264,866,676,1080
560,191,2,973,181,1202,295
560,185,2,642,283,846,437
561,162,2,233,898,655,1080
561,191,2,956,182,1182,297
561,185,2,640,288,849,445
562,162,2,226,900,632,1080
562,191,2,940,183,1163,299
562,185,2,640,295,848,454
563,162,2,215,955,597,1080
563,191,2,924,184,1145,301
563,185,2,638,301,850,464
564,162,2,198,967,558,1080
564,191,2,908,186,1127,302
564,185,2,637,308,853,475
565,191,2,892,188,1108,305
565,185,2,635,315,854,484
566,191,2,876,190,1090,307
566,185,2,632,325,855,496
567,191,2,860,192,1072,309
567,185,2,629,334,857,507
568,191,2,844,193,1055,311
568,185,2,627,343,858,519
569,191,2,829,195,1038,313
569,185,2,625,352,860,532
570,191,2,815,198,1020,317
570,185,2,622,361,860,546
571,191,2,801,199,1004,320
571,185,2,619,372,860,558
572,191,2,787,202,988,323
572,185,2,617,383,861,572
573,191,2,774,204,973,326
573,185,2,613,393,862,586
574,191,2,761,205,958,330
574,185,2,609,403,862,600
575,191,2,748,208,945,334
575,185,2,604,414,861,615
576,191,2,736,209,930,337
576,185,2,598,426,860,630
577,191,2,724,213,917,340
577,185,2,592,439,859,647
578,191,2,714,216,904,345
578,185,2,586,451,857,663
579,191,2,704,219,893,349
579,185,2,579,464,854,680
580,191,2,695,222,883,353
580,185,2,571,475,851,699
581,191,2,686,225,873,357
581,185,2,563,490,849,717
582,191,2,678,228,864,362
582,185,2,555,506,846,736
583,191,2,670,232,856,366
583,185,2,545,522,842,758
584,191,2,663,234,848,370
584,185,2,534,538,837,779
585,191,2,656,238,840,374
585,185,2,524,554,832,802
586,191,2,650,241,833,379
586,185,2,512,572,825,826
587,191,2,642,244,827,382
587,185,2,498,591,819,852
588,191,2,637,247,823,387
588,185,2,483,611,810,878
589,191,2,632,250,819,392
589,185,2,468,632,803,906
590,191,2,628,253,815,396
590,185,2,452,653,794,935
591,191,2,623,255,811,401
591,185,2,435,676,784,963
592,191,2,620,258,810,406
592,185,2,416,700,773,994
593,191,2,617,263,808,412
593,185,2,395,725,761,1028
594,191,2,614,267,809,418
594,185,2,373,751,749,1059
595,191,2,612,271,808,425
595,185,2,348,776,734,1079
596,191,2,609,276,808,431
596,185,2,323,803,720,1080
597,191,2,607,280,808,438
597,185,2,293,832,703,1080
598,191,2,604,286,809,446
598,185,2,263,862,684,1080
599,191,2,601,291,809,454
599,185,2,230,894,662,1080
600,191,2,597,297,807,464
600,185,2,195,926,639,1080
601,191,2,594,303,807,474
601,185,2,194,963,608,1080
602,191,2,591,311,807,485
602,185,2,182,1002,571,1080
603,191,2,589,319,806,495
604,191,2,585,327,807,505
605,191,2,580,335,805,516
606,191,2,576,344,805,529
607,191,2,572,353,804,542
608,191,2,568,363,803,554
608,259,2,681,47,749,86
609,191,2,563,373,802,565
609,259,2,696,47,766,85
610,191,2,559,383,801,579
610,259,2,702,46,786,86
611,191,2,552,392,800,593
611,259,2,710,45,803,87
612,191,2,549,402,799,607
612,259,2,726,45,809,85
613,191,2,544,414,797,621
613,259,2,745,47,826,86
614,191,2,539,425,796,636
614,259,2,764,47,854,87
615,191,2,533,436,794,649
615,259,2,781,48,874,87
616,191,2,527,448,793,665
616,259,2,800,49,881,87
617,191,2,519,460,791,680
618,191,2,512,473,789,697
618,259,2,840,51,899,88
619,191,2,505,485,785,716
619,259,2,860,53,903,90
620,191,2,498,497,782,734
621,191,2,489,512,779,754
622,191,2,480,526,776,773
623,191,2,470,542,771,796
624,191,2,459,559,768,820
625,191,2,448,577,763,846
626,191,2,435,596,757,869
627,191,2,423,616,752,896
628,191,2,409,636,746,923
629,191,2,395,658,740,951
630,191,2,380,681,731,980
631,191,2,362,704,723,1009
632,191,2,342,728,714,1041
633,191,2,320,752,704,1071
634,191,2,296,777,691,1080
635,191,2,269,803,676,1080
636,191,2,239,832,661,1080
637,191,2,210,862,643,1080
638,191,2,180,893,621,1080
639,191,2,145,924,597,1080
640,191,2,141,962,562,1080
641,191,2,126,998,521,1080
693,309,2,936,1016,1346,1078
694,309,2,907,991,1372,1078
695,309,2,883,962,1427,1076
696,309,2,884,933,1451,1075
697,309,2,895,905,1459,1074
698,309,2,909,878,1461,1074
699,309,2,920,853,1461,1075
700,309,2,932,827,1459,1074
701,309,2,944,804,1457,1074
702,309,2,951,782,1455,1073
703,309,2,958,762,1451,1075
704,309,7,965,740,1447,1074
705,309,7,960,722,1442,1074
706,309,7,971,704,1438,1074
707,309,7,976,684,1433,1073
708,309,7,981,668,1428,1068
709,309,7,983,651,1423,1052
710,309,7,986,633,1419,1030
711,309,7,987,617,1412,1007
712,309,7,988,601,1406,984
713,309,7,989,585,1401,961
714,309,7,988,572,1393,939
715,309,7,985,558,1386,916
716,309,7,985,543,1377,895
717,309,7,985,531,1370,874
718,309,7,982,519,1362,855
719,309,7,979,506,1355,836
720,309,7,976,494,1347,818
721,309,7,974,483,1338,802
722,309,7,970,473,1329,785
723,309,7,966,462,1319,769
724,309,7,962,450,1310,755
725,309,7,958,439,1300,740
726,309,7,954,430,1292,724
727,309,7,948,422,1285,710
728,309,7,944,415,1277,697
729,309,7,939,405,1268,684
730,309,7,934,395,1259,671
731,309,7,930,387,1250,659
732,309,7,925,379,1242,648
733,309,7,919,372,1235,636
734,309,7,916,366,1227,625
735,309,7,913,357,1217,615
736,309,7,909,349,1211,604
737,309,7,907,342,1204,593
738,309,7,902,335,1197,582
739,309,7,899,329,1190,573
740,309,7,890,322,1184,563
741,309,7,884,316,1177,553
742,309,7,883,309,1172,544
743,309,7,883,302,1167,535
744,309,7,884,296,1163,526
745,309,7,885,290,1159,517
746,309,7,883,285,1157,509
747,309,7,885,281,1153,501
748,309,7,883,276,1146,493
749,309,7,882,271,1139,486
750,309,7,880,266,1138,478
751,309,7,880,261,1135,471
752,309,7,879,256,1133,466
753,309,7,878,252,1127,459
754,309,7,877,249,1122,453
755,309,7,874,245,1116,446
756,309,7,871,241,1114,440
757,309,7,868,238,1109,434
758,309,7,866,235,1103,429
759,309,7,865,232,1098,424
760,309,7,862,230,1093,420
761,309,7,859,226,1087,415
762,309,7,855,222,1085,408
763,309,7,852,219,1080,403
764,309,7,850,216,1075,399
765,309,7,849,212,1071,393
766,309,7,848,209,1066,388
767,309,7,853,207,1063,382
768,309,7,846,204,1060,378
769,309,7,844,202,1055,374
770,309,7,842,199,1051,370
771,309,7,842,196,1050,366
772,309,7,842,192,1049,361
773,309,7,841,190,1047,357
774,309,7,841,187,1044,353
774,328,2,679,49,754,83
775,309,7,841,184,1043,349
775,328,2,692,49,768,83
776,309,7,842,182,1042,345
776,328,2,709,49,785,83
777,309,7,841,180,1042,342
777,328,2,723,49,802,84
778,309,7,842,179,1041,338
778,328,2,725,50,817,85
779,309,7,842,175,1040,335
779,328,2,755,52,832,86
780,309,7,842,173,1040,330
780,328,2,765,54,847,87
781,309,7,843,171,1038,326
781,328,2,794,56,864,86
782,309,7,844,169,1037,322
783,309,7,845,167,1035,319
783,328,2,829,56,900,89
784,309,7,846,164,1034,315
785,309,7,847,162,1032,311
785,328,2,862,58,923,91
786,309,7,847,159,1032,308
787,309,7,852,158,1026,305
788,309,7,858,155,1025,301
789,309,7,856,151,1021,298
790,309,7,854,149,1019,295
791,309,7,850,146,1018,290
792,309,7,852,144,1018,287
792,328,2,990,64,1031,97
793,309,7,852,142,1017,283
794,309,7,851,141,1017,280
795,309,7,852,139,1013,277
796,309,7,854,138,1010,274
797,309,7,851,136,1010,273
798,309,7,857,135,1013,270
799,309,7,857,134,1010,267
800,309,7,859,132,1009,264
801,309,7,862,130,1009,261
802,309,7,864,128,1009,259
803,309,7,865,125,1008,256
804,309,7,860,122,1006,254
805,309,7,863,122,1004,252
806,309,7,864,120,1004,250
807,309,7,865,118,1002,247
808,309,7,867,116,1001,244
809,309,7,867,115,1001,241
810,309,7,867,113,1000,239
811,309,7,867,111,999,237
812,309,7,866,110,996,235
813,309,7,865,109,995,232
814,309,7,864,108,994,230
815,309,7,865,108,993,228
816,309,7,864,106,991,227
817,309,7,864,106,990,224
818,309,7,863,105,989,222
818,347,2,0,289,61,415
819,309,7,863,103,987,220
819,347,2,0,284,76,417
820,309,7,862,101,986,218
820,347,2,0,272,93,421
821,309,7,862,100,984,215
821,347,2,0,256,109,422
822,309,7,860,99,984,213
822,347,2,0,246,128,424
823,309,7,860,98,983,212
823,347,2,0,238,145,426
824,309,7,859,96,981,209
824,347,2,0,233,163,429
825,309,7,858,95,979,207
825,347,2,0,229,180,430
826,309,7,857,94,977,204
826,347,2,0,224,198,432
827,309,7,855,93,974,202
827,347,2,0,223,215,433
828,309,7,854,91,972,200
828,347,2,0,220,232,437
829,309,7,853,90,971,199
829,347,2,0,222,248,440
830,309,7,852,88,969,196
830,347,2,0,223,264,442
831,309,7,850,87,967,194
831,347,2,0,224,280,443
832,309,7,848,86,965,192
832,347,2,0,225,299,444
833,309,7,846,86,963,191
833,347,2,0,226,316,446
834,309,7,846,85,962,189
834,347,2,0,226,333,448
835,309,7,845,84,960,188
835,347,2,0,229,350,451
836,309,7,846,83,959,185
836,347,2,0,234,366,453
837,309,7,844,81,958,183
837,347,2,0,236,385,455
838,347,2,0,237,404,457
839,347,2,0,238,421,459
839,309,7,843,78,953,179
840,347,2,0,240,440,461
840,309,7,841,77,951,178
841,347,2,0,243,459,463
841,309,7,841,76,950,177
842,347,2,0,246,478,466
842,309,7,840,76,947,176
843,347,2,0,248,498,468
843,309,2,839,74,946,174
844,347,2,11,250,518,470
844,309,7,837,73,944,172
845,347,2,30,251,536,472
845,309,7,836,73,944,170
846,347,7,49,251,555,475
846,309,2,835,72,942,168
847,347,2,71,252,574,477
847,309,7,833,71,941,166
848,347,7,93,252,592,478
848,309,7,833,70,939,165
849,347,7,116,253,611,481
849,309,7,832,69,939,164
850,347,7,138,257,629,483
850,309,7,832,67,938,163
851,347,7,161,259,647,485
851,309,7,831,66,936,161
852,347,7,183,261,663,488
852,309,7,831,65,936,159
853,347,7,204,261,680,490
853,309,7,831,64,935,157
854,347,7,225,263,696,492
854,309,7,830,63,936,156
855,347,7,247,267,711,495
855,309,7,830,62,934,154
856,347,7,267,271,726,497
856,309,7,830,62,932,153
857,347,7,287,269,741,501
857,309,7,829,61,933,152
858,347,7,310,274,757,504
858,309,7,828,61,932,152
859,347,7,331,278,771,508
859,309,7,828,61,929,152
860,347,7,352,280,784,511
860,309,7,827,60,928,151
861,347,7,372,283,796,515
861,309,7,826,60,927,150
862,347,7,391,285,807,519
862,309,7,825,61,926,149
863,347,7,410,287,818,523
863,309,7,824,60,925,148
864,347,7,428,289,828,527
864,309,7,823,60,924,147
865,347,7,445,291,835,531
865,309,7,823,60,922,146
866,347,7,462,294,843,534
866,309,7,822,60,921,146
867,347,7,477,297,852,539
867,309,7,821,60,918,145
867,370,1,0,606,63,752
868,347,7,492,299,859,542
868,309,7,820,60,915,145
868,370,1,6,597,87,746
869,347,7,506,302,865,547
869,309,7,819,61,913,145
869,370,1,21,592,110,738
870,347,2,520,305,871,550
870,309,7,818,61,913,145
870,370,1,47,582,134,729
871,309,7,817,61,912,144
871,370,1,75,579,156,718
871,373,1,31,592,66,686
872,309,7,816,61,911,144
872,370,1,100,567,184,707
872,373,1,34,586,70,680
872,347,7,543,310,884,558
873,309,7,814,61,909,143
873,370,1,122,566,209,700
873,373,1,38,582,73,674
873,347,7,553,313,889,562
874,309,7,813,60,906,142
874,370,1,147,564,224,692
874,373,1,41,578,79,668
874,347,2,563,316,892,566
875,309,7,812,61,905,141
875,370,1,171,565,243,688
875,373,1,44,572,86,663
875,347,2,572,319,897,571
876,309,7,812,61,904,140
876,370,1,195,556,274,684
876,373,1,49,568,89,657
876,347,2,580,322,902,575
877,309,7,811,62,902,141
877,370,1,220,553,304,681
877,373,1,50,564,92,654
877,347,2,589,326,906,581
878,309,7,811,62,900,141
878,370,1,247,538,329,675
878,373,1,56,557,96,649
878,347,2,596,330,911,586
879,309,7,810,63,897,141
879,370,1,272,532,354,668
879,373,1,61,553,99,645
879,347,2,604,333,916,591
880,309,7,809,64,896,140
880,370,1,296,526,378,660
880,373,1,65,553,101,641
880,347,2,610,336,921,595
881,309,7,808,64,895,140
881,370,1,319,521,392,654
881,373,1,66,549,104,637
881,347,2,615,339,926,602
882,309,7,807,65,894,141
882,370,1,340,522,404,645
882,373,1,69,547,106,634
882,347,2,621,341,929,608
883,309,7,805,65,894,141
883,370,1,364,515,421,636
883,373,1,71,544,109,629
883,347,2,625,346,934,612
884,370,1,382,505,441,629
884,373,1,73,541,110,625
884,347,2,629,351,938,620
885,370,1,401,497,464,621
885,373,1,73,538,111,621
885,347,2,632,355,944,626
885,309,7,803,65,894,141
886,370,1,422,492,491,614
886,373,1,73,534,114,617
886,347,2,633,361,948,632
886,309,7,803,66,894,142
887,370,1,443,497,513,606
887,373,1,81,530,120,615
887,347,2,635,365,952,638
887,309,7,802,66,892,142
888,370,1,467,486,540,599
888,373,1,86,525,127,610
888,347,2,636,370,957,644
888,309,7,801,66,889,142
889,370,1,491,475,567,591
889,373,1,89,521,132,606
889,347,2,637,375,960,652
889,309,7,800,66,887,142
890,370,1,518,472,593,585
890,373,1,95,518,136,603
890,347,2,638,378,961,659
890,309,7,799,66,886,142
891,370,1,545,460,623,577
891,373,1,96,516,137,599
891,347,2,639,380,965,666
892,370,1,573,452,653,570
892,373,1,99,507,147,596
892,347,2,638,384,968,674
892,309,7,799,69,883,142
893,370,1,602,441,675,563
893,373,1,105,508,144,593
893,347,2,642,389,970,681
893,309,7,798,69,881,142
894,373,1,106,505,141,590
894,347,2,639,396,971,689
894,309,2,797,69,880,141
895,373,1,100,499,141,585
895,347,2,637,402,973,697
895,309,2,795,69,881,141
896,373,1,101,489,145,580
896,347,2,635,408,973,706
896,309,2,794,72,879,142
897,373,1,109,492,146,577
897,347,2,631,414,974,714
897,309,7,793,72,878,142
898,373,1,109,492,153,572
898,347,2,628,419,975,722
898,309,2,792,72,876,142
899,373,1,115,490,158,568
899,347,2,626,423,976,731
899,309,2,791,72,875,141
900,373,1,119,487,160,563
900,347,2,623,428,975,741
900,309,2,790,73,871,141
901,373,1,120,481,165,561
901,347,2,618,435,975,751
901,309,2,789,73,870,141
902,373,1,121,475,166,558
902,347,2,614,443,974,760
902,309,2,788,73,869,141
903,373,1,124,473,165,556
903,347,2,610,450,972,771
903,309,2,788,74,867,141
904,373,1,120,472,164,554
904,347,2,603,457,969,782
904,309,2,787,74,867,141
905,373,1,123,469,163,552
905,347,2,597,465,966,793
905,309,7,787,74,866,142
906,373,1,128,465,165,553
906,347,2,590,473,963,805
906,309,7,786,76,865,141
907,373,1,131,454,173,545
907,347,2,584,482,960,816
907,309,2,785,76,864,141
908,373,1,133,455,176,536
908,347,2,577,491,956,829
908,309,2,784,77,862,141
909,373,1,139,452,181,532
909,347,2,568,500,950,843
909,309,2,783,78,861,142
909,402,1,918,379,973,476
910,373,1,145,450,183,527
910,347,2,559,510,946,856
910,309,2,782,78,861,142
910,402,1,934,376,983,472
911,373,1,151,446,188,523
911,347,2,549,519,941,871
911,309,2,782,78,860,142
911,402,1,951,372,1002,468
911,406,2,663,45,733,84
912,373,1,159,446,195,519
912,347,2,538,528,937,885
912,309,2,779,79,859,142
912,402,1,969,367,1016,463
912,406,2,664,44,749,84
913,373,1,164,444,207,517
913,347,2,530,538,931,900
913,309,2,779,79,858,142
913,402,1,982,362,1031,459
913,406,2,674,45,766,85
914,373,1,172,440,220,514
914,347,2,520,549,924,915
914,309,2,779,80,857,142
914,402,1,992,356,1046,456
914,406,2,701,46,781,84
915,373,1,180,438,230,512
915,347,2,510,560,918,930
915,309,2,778,81,856,142
915,402,1,1003,356,1054,453
915,406,2,707,46,797,85
916,373,1,191,438,240,510
916,347,2,498,571,911,946
916,309,2,778,83,854,142
916,402,1,1013,358,1061,449
916,406,2,721,47,815,85
917,373,1,203,439,255,509
917,347,2,485,581,906,962
917,309,2,777,84,853,142
917,402,1,1021,355,1069,445
917,406,2,742,48,827,86
918,373,1,216,440,268,509
918,347,2,474,593,898,978
918,309,2,776,78,852,142
918,402,1,1029,354,1073,441
918,406,2,755,48,838,85
919,373,1,229,435,281,507
919,347,2,460,605,891,996
919,309,2,776,86,851,142
919,402,1,1036,341,1080,437
919,406,2,771,48,861,92
920,373,1,243,426,303,501
920,347,2,449,618,884,1011
920,309,7,776,60,855,141
920,402,1,1045,339,1084,434
921,373,1,256,419,317,498
921,347,2,436,631,877,1031
921,309,2,775,73,851,141
921,402,1,1050,343,1093,431
921,406,2,802,48,897,91
922,373,1,272,401,338,495
922,347,2,423,643,868,1049
922,309,2,775,81,848,140
922,402,1,1058,348,1097,428
923,373,1,288,396,354,491
923,347,2,407,656,859,1068
923,309,2,774,83,845,141
923,406,2,856,53,929,93
924,373,1,304,393,377,487
924,347,2,390,669,850,1077
924,309,2,773,84,846,140
924,406,2,862,54,938,94
924,402,1,1068,332,1110,422
925,373,1,323,389,402,482
925,347,2,373,683,840,1079
925,309,2,773,85,846,140
925,402,1,1076,331,1112,418
926,373,1,343,385,425,479
926,347,2,356,698,830,1080
926,309,2,772,85,845,140
926,402,1,1078,327,1119,416
926,406,2,888,55,961,94
927,373,1,363,383,445,475
927,347,2,338,713,820,1080
927,309,2,772,85,844,140
927,402,1,1084,325,1124,413
928,373,1,384,380,463,471
928,347,2,319,728,809,1080
928,309,2,771,85,843,140
928,402,1,1090,319,1128,410
929,373,1,404,383,474,467
929,347,2,298,744,797,1079
929,309,2,770,84,843,140
929,402,1,1098,317,1134,406
930,373,1,421,389,484,464
930,347,2,276,761,785,1078
930,309,2,770,85,842,140
930,402,1,1102,314,1143,404
931,373,1,438,384,498,461
931,347,2,254,778,773,1075
931,309,2,770,85,841,140
931,402,1,1108,316,1149,401
932,373,1,451,384,506,457
932,347,2,231,783,761,1077
932,309,2,769,85,840,140
932,402,1,1114,312,1156,397
933,373,1,465,372,517,453
933,347,2,208,808,747,1077
933,309,2,769,86,840,140
933,402,1,1122,310,1157,394
934,373,1,477,375,522,449
934,347,2,181,829,732,1078
934,309,2,768,87,839,140
934,402,1,1128,310,1168,390
935,373,1,489,377,539,446
935,347,2,154,851,717,1079
935,309,2,767,89,838,140
935,402,1,1134,299,1175,388
936,373,1,502,369,565,443
936,347,2,127,871,701,1079
936,309,2,766,88,837,140
936,402,1,1141,286,1181,385
937,373,1,518,358,591,441
937,347,2,141,893,680,1077
937,309,2,765,89,836,140
938,373,1,536,352,619,437
938,347,2,137,916,664,1075
938,309,2,765,90,835,140
938,402,1,1152,286,1195,379
939,373,1,558,347,645,435
939,347,2,122,937,644,1075
939,309,2,765,89,835,141
939,402,1,1159,293,1197,377
940,373,1,580,344,671,434
940,347,2,105,962,623,1076
940,309,2,764,90,834,141
940,402,1,1166,283,1203,374
941,373,1,605,341,695,431
941,347,2,86,988,595,1077
941,309,2,763,91,833,141
942,373,1,630,338,719,428
942,347,2,64,1015,563,1078
942,309,2,762,92,832,141
942,402,1,1177,280,1217,368
943,373,1,655,334,741,427
943,309,2,761,91,831,141
943,402,1,1184,278,1223,366
944,373,1,680,334,760,424
944,309,2,760,92,830,141
944,402,1,1192,278,1227,363
945,373,1,702,332,780,423
945,309,2,760,93,829,141
946,373,1,725,337,796,420
946,309,2,758,93,829,141
946,402,1,1203,273,1248,358
947,373,1,745,339,815,417
947,309,2,756,94,828,141
947,402,1,1208,260,1255,356
948,373,1,764,334,835,416
948,309,2,756,94,826,141
948,402,1,1215,264,1255,353
949,373,1,784,338,854,414
949,309,2,755,94,825,141
949,402,1,1223,269,1260,351
950,373,1,802,335,871,412
950,309,2,755,94,824,141
950,402,1,1230,261,1271,348
951,373,1,822,335,890,411
951,309,2,755,95,823,141
951,402,1,1240,268,1279,347
952,373,1,841,333,907,408
952,309,2,753,95,821,141
952,402,1,1250,267,1287,344
953,373,1,859,332,925,406
953,309,2,752,96,821,141
953,402,1,1261,265,1297,339
954,373,1,877,331,941,405
954,309,2,751,97,821,141
954,402,1,1272,260,1310,335
954,437,2,763,50,843,87
955,373,1,895,333,959,401
955,309,2,751,98,820,141
955,402,1,1281,269,1322,332
955,437,2,751,50,827,84
956,373,1,912,321,975,401
956,309,2,751,97,819,141
956,402,1,1293,274,1332,330
956,437,2,727,48,806,83
957,373,1,929,313,992,399
957,309,2,751,98,818,141
957,437,2,711,47,786,82
958,309,2,742,96,807,141
959,309,2,737,94,801,142
960,309,2,733,94,799,142
961,309,2,732,93,796,141
962,309,2,729,93,794,141
963,309,2,727,92,792,141
964,309,2,726,89,790,140
965,309,2,725,87,789,140
965,452,1,1218,290,1258,349
966,309,2,723,86,787,140
966,452,1,1226,291,1266,348
967,309,2,722,85,786,140
967,452,1,1239,288,1279,346
968,309,2,721,84,785,139
968,452,1,1249,283,1289,344
969,309,2,718,82,783,138
969,452,1,1259,272,1303,341
970,309,2,716,81,781,136
970,452,1,1271,274,1313,339
971,309,2,715,81,779,134
971,452,1,1279,276,1321,336
972,309,2,713,80,777,132
972,452,1,1292,276,1328,333
973,309,2,711,79,775,130
973,452,1,1300,278,1334,332
974,309,2,710,79,774,129
974,452,1,1310,277,1341,330
975,309,2,707,78,771,128
976,309,2,705,76,769,127
977,309,2,704,75,767,126
978,309,2,703,74,765,125
979,309,2,702,73,763,124
980,309,2,700,70,760,122
981,309,2,697,69,759,121
981,452,1,1375,262,1415,315
982,309,2,696,67,757,120
982,452,1,1387,259,1424,313
983,309,2,694,65,756,118
983,452,1,1396,254,1431,310
984,309,2,693,64,754,116
984,452,1,1404,251,1439,306
985,309,2,690,63,753,116
986,309,2,687,62,750,115
986,464,2,759,48,836,83
987,309,2,686,62,746,113
987,464,2,749,47,817,83
987,452,1,1426,249,1459,299
988,309,2,683,60,745,111
988,464,2,732,46,795,82
989,309,2,682,61,743,110
989,464,2,721,45,773,81
989,452,1,1444,243,1477,293
990,309,2,681,59,745,109
990,464,2,707,43,751,76
990,452,1,1454,239,1485,290
991,309,2,679,59,742,107
991,452,1,1463,233,1498,289
992,309,2,680,57,740,106
993,309,2,679,56,739,105
993,464,2,643,40,691,78
994,309,2,679,55,738,104
994,464,2,618,38,671,78
995,309,2,680,54,738,103
995,464,2,596,37,650,76
996,309,2,680,53,738,102
996,464,2,572,36,629,75
997,309,2,681,53,737,101
997,464,2,555,35,609,76
998,309,2,681,51,736,101
999,309,2,681,50,736,100
1000,309,2,682,49,738,99
1001,309,2,682,48,740,97
1002,309,2,684,48,741,97
1003,309,2,691,49,743,96
1004,309,2,692,48,747,95
1005,309,2,689,48,750,95
1006,309,2,693,47,753,94
1007,309,2,693,46,760,94
1008,309,2,697,46,764,93
1009,309,2,700,46,769,93
1010,309,2,702,45,774,93
1011,309,2,705,45,780,93
1012,309,2,707,45,786,93
1013,309,2,713,45,778,92
1014,309,2,719,47,776,92
1014,473,2,720,46,801,93
1015,309,2,724,48,781,92
1015,473,2,725,48,807,93
1016,473,2,730,48,815,94
1017,473,2,735,48,823,94
1018,473,2,741,48,832,95
1019,473,2,750,50,841,94
1020,473,2,757,49,850,95
1021,473,2,764,49,859,95
1022,473,2,773,50,868,96
1023,473,2,794,51,892,94
1033,484,2,703,58,757,85
1033,485,2,843,117,880,141
1034,484,2,705,55,772,86
1034,485,2,838,117,878,142
1035,484,2,714,53,790,85
1035,485,2,833,116,879,142
1036,484,2,720,51,806,86
1036,485,2,828,112,884,142
1037,484,2,734,51,823,86
1037,485,2,824,110,885,142
1038,484,2,749,51,839,86
1038,485,2,818,109,888,142
1039,484,2,766,53,855,87
1039,485,2,814,108,889,142
1040,485,2,809,108,888,142
1041,485,2,803,112,888,142
1041,484,2,800,52,877,87
1042,485,2,795,109,888,143
1043,485,2,789,107,883,143
1044,485,2,786,107,879,143
1045,485,2,781,107,878,143
1046,485,2,777,107,873,143
1047,485,2,773,107,867,143
1048,485,2,767,108,859,143
1049,485,2,762,108,858,143
1050,485,2,757,109,855,144
1051,485,2,751,109,849,144
1052,485,2,746,109,842,144
1053,485,2,733,108,822,144
1054,485,2,724,108,810,144
1055,485,2,719,109,802,144
1056,485,2,713,109,793,144
1057,485,2,705,109,780,144
1058,485,2,700,110,772,144
1059,485,2,695,110,763,145
1060,485,2,691,111,757,145
1061,485,2,686,111,752,145
1062,485,2,677,111,738,145
1063,485,2,668,111,726,145
1064,485,2,658,111,714,146
1065,485,2,652,111,712,145
1066,485,2,650,110,700,145
1067,485,2,650,107,696,144
1068,485,2,654,104,709,144
1069,485,2,661,103,718,144
1070,485,2,664,102,725,144
1071,485,2,666,102,730,144
1072,485,2,669,102,733,144
1073,485,2,673,102,738,144
1074,485,2,674,101,742,144
1075,485,2,677,100,746,144
1076,485,2,683,100,750,144
1077,485,2,688,99,753,144
1078,485,2,691,100,756,144
1079,485,2,695,100,760,144
1080,485,2,696,99,763,144
1081,485,2,698,98,766,144
1082,485,2,699,98,767,144
1083,485,2,701,97,770,145
1084,485,2,704,96,771,145
1085,485,2,705,96,773,144
1086,485,2,707,95,774,145
1087,485,2,709,95,776,145
1088,485,2,711,95,777,145
1089,485,2,714,95,781,145
1090,485,2,718,94,785,144
1091,485,2,722,93,791,143
1092,485,2,726,92,797,143
1093,485,2,728,91,801,143
1094,485,2,730,90,803,142
1095,485,2,730,90,805,143
1096,485,2,731,89,807,142
1097,485,2,731,88,808,142
1098,485,2,731,88,811,143
1099,485,2,732,88,812,143
1100,485,2,731,88,813,143
1101,485,2,731,88,813,142
1102,485,2,731,87,813,143
1103,485,2,731,86,813,143
1104,485,2,731,86,813,143
1105,485,2,731,86,814,143
1106,485,2,731,86,814,143
1107,485,2,731,85,814,144
1108,485,2,730,84,815,144
1109,485,2,729,82,815,145
1110,485,2,727,83,814,147
1111,485,2,726,83,814,149
1112,485,2,724,84,814,151
1113,485,2,723,84,815,153
1114,485,2,724,84,815,154
1115,485,2,724,84,815,155
1116,485,2,722,86,816,158
1117,485,2,722,88,816,161
1118,485,2,722,90,815,163
1119,485,2,721,91,814,165
1120,485,2,721,93,815,166
1121,485,2,721,94,816,168
1122,485,2,721,95,817,169
1123,485,2,721,96,817,171
1124,485,2,721,98,818,174
1125,485,2,720,99,818,176
1126,485,2,720,101,819,179
1127,485,2,719,103,819,181
1128,485,2,719,105,819,183
1129,485,2,720,107,819,186
1130,485,2,718,112,821,193
1131,485,2,716,115,821,197
1132,485,2,716,117,822,201
1133,485,2,715,119,823,204
1134,485,2,714,121,823,207
1135,485,2,713,123,823,210
1136,485,2,712,124,823,212
1137,485,2,711,126,823,215
1138,485,2,709,128,824,219
1138,533,2,900,979,1390,1078
1139,485,2,706,131,824,221
1139,533,2,897,952,1392,1078
1140,485,2,706,134,824,225
1140,533,2,900,922,1389,1077
1141,485,2,705,139,824,229
1141,533,2,904,891,1383,1076
1142,485,2,703,142,824,232
1142,533,2,909,862,1376,1075
1143,485,2,701,143,825,235
1143,533,2,913,834,1370,1074
1144,485,2,700,146,826,239
1144,533,2,917,807,1362,1073
1145,485,2,698,149,823,243
1145,533,2,920,781,1357,1074
1146,485,2,696,151,824,247
1146,533,2,924,758,1352,1074
1147,485,2,696,154,825,251
1147,533,2,927,732,1346,1071
1148,485,2,693,157,824,255
1148,533,2,929,711,1339,1070
1149,485,2,692,160,823,259
1149,533,2,932,689,1333,1054
1150,485,2,690,163,821,264
1150,533,2,933,670,1326,1029
1151,485,2,687,167,821,268
1151,533,2,935,649,1320,1003
1152,485,2,685,169,821,273
1152,533,2,937,628,1315,975
1153,485,2,683,173,821,277
1153,533,2,937,611,1309,948
1154,485,2,680,176,822,280
1154,533,2,939,591,1304,921
1155,485,2,678,178,821,284
1155,533,2,941,575,1299,896
1156,485,2,675,181,821,289
1156,533,2,943,559,1295,872
1157,485,2,673,184,821,294
1157,533,2,943,543,1290,849
1158,485,2,671,187,823,299
1158,533,2,942,529,1283,827
1159,485,2,670,192,822,305
1159,533,2,943,514,1277,806
1160,485,2,667,196,822,310
1160,533,2,943,501,1271,787
1161,485,2,665,199,820,315
1161,533,2,942,488,1265,769
1162,485,2,663,204,821,322
1162,533,2,937,477,1259,749
1163,485,2,661,207,822,327
1163,533,2,923,464,1254,731
1164,485,2,659,211,820,333
1164,533,2,917,451,1248,714
1165,485,2,657,215,820,340
1165,533,2,914,439,1242,698
1166,485,2,653,221,819,347
1166,533,2,922,428,1234,682
1167,485,2,650,226,818,353
1167,533,2,925,418,1226,668
1168,485,2,646,230,817,360
1168,533,2,927,408,1219,654
1169,485,2,643,235,817,367
1169,533,2,926,397,1214,640
1170,485,2,641,240,816,374
1170,533,2,926,388,1210,626
1171,485,2,638,244,816,380
1171,533,2,925,379,1206,613
1172,485,2,634,249,815,384
1172,533,2,927,369,1201,601
1173,485,2,631,253,817,391
1173,533,2,927,362,1198,588
1174,485,2,628,255,817,398
1174,533,2,929,352,1195,576
1175,485,2,626,261,816,405
1175,533,2,930,343,1192,565
1176,485,2,622,266,816,413
1176,533,2,931,336,1190,555
1177,485,2,619,273,817,421
1177,533,2,930,330,1188,544
1178,485,2,617,278,817,430
1178,533,2,932,323,1186,534
1179,485,2,613,284,818,440
1179,533,2,933,316,1183,524
1180,485,2,610,291,818,451
1180,533,2,933,310,1181,515
1181,485,2,607,299,818,463
1181,533,2,934,303,1179,506
1182,485,2,602,309,818,475
1182,533,2,936,297,1176,497
1183,485,2,598,319,817,489
1183,533,2,937,292,1174,488
1184,485,2,594,329,818,503
1184,533,2,938,286,1173,479
1185,485,2,590,341,818,519
1185,533,2,939,281,1170,472
1186,485,2,585,352,818,535
1186,533,2,939,274,1167,465
1187,485,2,581,365,817,551
1187,533,2,939,269,1166,458
1188,485,2,576,378,817,567
1188,533,2,940,265,1164,449
1189,485,2,570,391,817,584
1189,533,2,941,261,1163,442
1190,485,2,565,404,816,602
1190,533,2,942,256,1162,436
1191,485,2,561,417,817,620
1191,533,2,942,252,1160,430
1192,485,2,556,431,816,640
1192,533,2,943,248,1157,424
1193,485,2,550,446,816,658
1193,533,2,943,244,1155,418
1194,485,2,545,462,816,679
1194,533,2,943,240,1153,413
1195,485,2,539,477,816,700
1195,533,2,943,237,1150,407
1196,485,2,532,494,817,723
1196,533,2,943,234,1148,402
1197,485,2,526,512,816,748
1197,533,2,943,231,1146,397
1198,485,2,519,532,816,774
1198,533,2,942,228,1144,391
1199,485,2,510,552,816,802
1199,533,2,942,224,1141,386
1200,485,2,498,574,815,831
1200,533,2,941,221,1139,382
1201,485,2,488,597,811,862
1201,533,2,940,217,1136,377
1202,485,2,475,622,805,896
1202,533,2,939,215,1132,371
1203,485,2,460,648,799,930
1203,533,2,938,211,1129,368
1204,485,2,444,676,790,966
1204,533,2,937,209,1127,362
1205,485,2,424,705,782,1002
1205,533,2,936,206,1125,358
1206,485,2,404,735,772,1042
1206,533,2,936,202,1122,354
1207,485,2,381,767,759,1071
1207,533,2,935,199,1120,348
1208,485,2,354,799,744,1080
1208,533,2,934,196,1118,344
1209,485,2,324,833,726,1080
1209,533,2,932,193,1115,339
1210,485,2,291,869,708,1080
1210,533,2,930,191,1112,335
1211,485,2,255,908,687,1080
1211,533,2,929,188,1108,331
1212,485,2,250,949,662,1080
1212,533,2,927,185,1105,327
1213,485,2,237,994,625,1080
1213,533,2,927,182,1102,323
1214,533,2,926,180,1099,320
1215,533,2,925,178,1096,315
1216,533,2,923,175,1093,311
1217,533,2,921,172,1091,307
1218,533,2,920,170,1088,304
1219,533,2,919,168,1084,300
1220,533,2,916,165,1080,297
1221,533,2,916,162,1077,293
1222,533,2,914,158,1074,289
1223,533,2,913,156,1071,286
1224,533,2,911,154,1068,282
1225,533,2,908,153,1066,279
1226,533,2,910,153,1063,275
1227,533,2,909,152,1061,272
1228,533,2,908,151,1058,270
1229,533,2,904,147,1056,267
1230,533,2,903,147,1054,265
1231,533,2,901,144,1051,263
1232,533,2,900,142,1050,260
1233,533,2,899,141,1046,258
1234,533,2,899,139,1044,256
1235,533,2,896,136,1042,253
1236,533,2,895,133,1040,251
1237,533,2,894,128,1039,249
1238,533,2,893,127,1035,246
1239,533,2,893,126,1032,243
1240,533,2,891,126,1029,241
1241,533,2,891,123,1027,238
1242,533,2,888,123,1026,236
1243,533,2,890,121,1023,235
1244,533,2,889,119,1022,232
1245,533,2,889,118,1018,230
1246,533,2,886,117,1016,228
1247,533,2,887,117,1015,226
1248,533,2,884,115,1011,224
1249,533,2,882,115,1010,222
1250,533,2,881,113,1008,220
1251,533,2,880,111,1006,217
1252,533,2,879,110,1004,214
1253,533,2,878,108,1001,213
1254,533,2,877,107,998,211
1255,533,2,876,105,996,209
1256,533,2,875,104,994,206
1257,533,2,873,102,993,204
1258,533,2,872,101,991,202
1259,533,2,871,100,989,201
1260,533,2,870,98,987,199
1261,533,2,870,98,985,198
1262,533,2,868,98,983,196
1263,533,2,866,97,979,194
1264,533,2,866,96,978,192
1265,533,2,865,95,976,190
1266,533,2,864,93,975,188
1267,533,2,862,92,973,187
1268,533,2,861,90,970,185
1269,533,2,861,88,968,183
1270,533,2,859,87,965,181
1271,533,2,858,86,963,178
1272,533,2,856,85,962,177
1273,533,2,853,84,961,176
1274,533,2,853,83,960,174
1275,533,2,852,82,959,173
1276,533,2,852,81,957,172
1277,533,2,851,81,956,171
1278,533,2,850,81,954,170
1279,533,2,848,80,952,168
1280,533,2,847,80,952,167
1281,533,2,845,79,951,165
1282,533,2,845,79,950,164
1283,533,2,845,78,948,163
1284,533,2,844,77,947,162
1285,533,2,844,76,945,161
1286,533,2,843,75,944,161
1287,533,2,842,74,942,159
1288,533,2,842,73,941,158
1289,533,2,840,73,940,157
1290,533,2,840,72,939,156
1291,533,2,840,71,939,155
1292,533,2,839,70,937,153
1293,533,7,838,70,937,152
1294,533,2,837,70,935,152
1295,533,2,836,70,933,152
1296,533,2,836,69,934,150
1297,533,2,836,69,930,149
1298,533,2,835,69,928,149
1299,533,2,833,69,928,149
1301,533,7,832,70,930,147
1302,533,7,831,69,927,146
1303,533,7,831,69,926,146
1305,533,7,830,70,924,145
1306,533,2,830,70,921,145
1307,533,2,829,70,920,145
1308,533,2,830,70,918,144
1309,533,2,827,70,916,143
1310,533,2,824,69,912,143
1311,533,7,823,70,910,143
1312,533,2,822,70,908,142
1313,533,2,821,71,906,142
1314,533,2,821,71,904,142
1315,533,2,820,71,903,142
1316,533,2,818,72,901,142
1317,533,2,818,72,900,141
1318,533,2,818,72,899,141
1319,533,2,817,73,899,141
1320,533,2,815,74,895,141
1321,533,2,813,76,892,141
1322,533,2,811,77,891,141
1323,533,2,810,78,890,141
1324,533,2,809,77,889,141
1325,533,2,809,76,887,142
1326,533,2,808,77,885,141
1327,533,2,806,78,884,141
1328,533,2,803,79,881,141
1329,533,2,800,79,878,141
1330,533,2,798,80,874,141
1331,533,2,793,83,869,141
1332,533,2,789,85,863,141
1333,533,2,786,85,857,141
1334,533,2,782,86,851,142
1335,533,2,780,87,849,142
1336,533,2,777,87,847,142
1337,533,2,775,87,846,142
1338,533,2,775,88,845,141
1339,533,2,774,89,843,141
1340,533,2,774,89,843,141
1341,533,2,774,90,843,141
1342,533,2,774,90,842,141
1343,533,2,774,90,842,141
1344,533,2,774,90,841,141
1345,533,2,772,90,839,141
1346,533,2,771,91,837,141
1347,533,2,771,92,835,141
1348,533,2,771,92,834,141
1349,533,2,770,93,834,142
1350,533,2,769,93,834,141
1351,533,2,769,93,832,141
1352,533,2,769,94,831,141
1353,533,2,767,94,830,141
1354,533,2,766,94,828,141
1355,533,2,763,95,825,142
1356,533,2,761,96,823,142
1357,533,2,759,98,820,142
1358,533,2,755,101,814,142
1359,533,2,751,103,809,143
1360,533,2,745,104,802,143
1361,533,2,737,100,796,143
1362,533,2,731,97,789,142
1363,533,2,728,96,786,141
1364,533,2,726,94,785,141
1365,533,2,723,91,783,139
1366,533,2,718,87,777,133
1367,533,2,713,83,770,128
1368,533,2,707,75,764,123
1369,533,2,705,70,760,117
1370,533,2,705,67,758,114
1371,533,2,706,65,758,112
1372,533,2,706,65,758,110
1373,533,2,707,64,758,110
1374,533,2,708,63,760,108
1375,533,2,709,62,762,106
1376,533,2,710,61,764,106
1377,533,2,711,60,767,105
1378,533,2,713,59,770,104
1379,533,2,716,58,774,103
1380,533,2,719,58,773,101
1381,533,2,721,56,777,100
1382,533,2,725,55,776,99
1383,533,2,730,54,784,98
1384,533,2,734,53,794,97
1385,533,2,739,53,793,97
1386,533,2,744,53,795,97
1387,533,2,750,52,800,96
1388,533,2,756,52,820,96
1389,533,2,763,52,818,96
1390,533,2,771,52,823,96
1391,533,2,779,53,827,96
1392,533,2,787,53,834,97
1393,533,2,797,53,843,97
1394,533,2,806,54,848,96
1398,600,2,752,58,836,85
1399,600,2,735,56,823,84
1400,600,2,724,54,804,83
1401,600,2,716,53,777,83
1402,600,2,704,52,759,82
1414,613,2,923,971,1358,1079
1415,613,2,924,941,1369,1078
1416,613,2,935,907,1373,1077
1417,613,2,948,872,1374,1076
1418,613,2,960,837,1374,1076
1419,613,2,968,806,1372,1076
1420,613,2,974,774,1368,1076
1421,613,2,979,742,1363,1060
1422,613,2,985,717,1358,1031
1423,613,2,989,690,1354,998
1424,613,2,992,664,1348,965
1425,613,2,995,640,1341,932
1426,613,2,996,618,1334,901
1427,613,2,997,597,1326,873
1428,613,2,999,577,1321,844
1429,613,2,998,559,1316,819
1430,613,2,1000,539,1311,794
1431,613,2,1000,524,1305,772
1432,613,2,1000,508,1299,748
1433,613,2,999,492,1293,726
1434,613,2,998,477,1286,707
1435,613,2,996,462,1278,686
1436,613,2,995,448,1271,670
1437,613,2,993,436,1264,653
1438,613,2,990,425,1256,634
1439,613,2,985,413,1248,619
1440,613,2,982,401,1241,603
1441,613,2,979,388,1234,587
1442,613,2,977,379,1227,573
1443,613,2,974,369,1221,561
1444,613,2,974,360,1214,547
1445,613,2,971,349,1209,535
1446,613,2,968,341,1204,523
1447,613,2,965,332,1198,512
1448,613,2,963,325,1191,501
1449,613,2,961,317,1186,490
1450,613,2,959,310,1179,480
1451,613,2,957,303,1174,470
1452,613,2,957,295,1167,461
1452,619,2,650,96,686,142
1453,613,2,955,289,1163,452
1453,619,2,650,97,688,142
1454,613,2,952,283,1159,444
1454,619,2,650,97,690,143
1455,613,2,948,278,1152,436
1455,619,2,650,97,691,143
1456,613,2,946,272,1147,429
1456,619,2,650,98,691,143
1457,613,2,943,268,1142,422
1457,619,2,650,99,692,143
1458,613,2,940,263,1135,416
1458,619,2,651,100,693,143
1459,613,2,938,257,1131,408
1459,619,2,651,101,691,143
1460,613,2,937,253,1128,401
1460,619,2,652,101,694,143
1461,613,2,935,248,1123,394
1461,619,2,652,101,694,143
1462,613,2,933,243,1119,388
1462,619,2,652,101,694,143
1463,613,2,931,239,1115,382
1463,619,2,652,101,695,143
1464,613,2,929,235,1112,376
1464,619,2,652,101,696,143
1465,613,2,926,230,1106,370
1465,619,2,652,101,695,143
1466,613,2,925,226,1103,365
1466,619,2,652,101,694,143
1467,613,2,922,223,1098,359
1467,619,2,652,101,696,144
1468,613,2,920,220,1094,353
1468,619,2,652,101,696,143
1469,613,2,918,216,1088,347
1469,619,2,653,101,696,143
1470,613,2,916,212,1085,342
1470,619,2,653,101,693,143
1471,613,2,915,208,1081,336
1471,619,2,653,101,694,143
1472,613,2,914,204,1077,330
1472,619,2,653,101,697,144
1473,613,2,915,201,1075,325
1473,619,2,653,101,699,144
1474,613,2,913,197,1072,321
1474,619,2,653,101,700,144
1475,613,2,911,194,1069,317
1475,619,2,653,100,699,144
1476,613,2,908,190,1066,311
1476,619,2,652,99,697,144
1477,613,2,907,187,1062,307
1477,619,2,652,99,696,144
1478,613,2,905,184,1057,301
1478,619,2,653,99,699,144
1479,613,2,905,181,1056,297
1479,619,2,653,99,701,143
1480,613,2,903,177,1053,292
1480,619,2,654,100,703,143
1481,613,2,903,175,1049,287
1481,619,2,655,103,703,143
1482,613,2,901,172,1045,283
1482,619,2,655,101,706,143
1483,613,2,901,168,1042,279
1483,619,2,655,98,707,143
1484,613,2,897,165,1040,275
1484,619,2,654,97,710,143
1485,613,2,896,163,1037,272
1485,619,2,654,96,712,143
1486,613,2,893,162,1034,269
1486,619,2,654,96,715,144
1487,613,2,892,159,1031,265
1487,619,2,654,95,717,144
1488,613,2,891,157,1028,262
1488,619,2,654,94,717,143
1489,613,2,891,155,1025,259
1489,619,2,653,94,718,143
1490,613,2,889,154,1021,256
1490,619,2,653,93,718,143
1491,613,2,888,150,1019,253
1491,619,2,654,93,718,143
1492,613,2,885,147,1016,249
1492,619,2,655,93,719,143
1493,613,2,884,143,1013,246
1493,619,2,655,92,719,143
1494,613,2,882,141,1010,242
1494,619,2,655,92,719,143
1495,613,2,880,140,1008,239
1495,619,2,655,93,719,143
1496,613,2,880,139,1006,236
1496,619,2,655,92,720,143
1497,613,2,878,137,1004,233
1497,619,2,656,92,721,143
1498,613,2,877,136,1000,230
1498,619,2,655,92,721,143
1499,613,2,876,135,997,227
1499,619,2,656,92,721,143
1500,613,2,875,132,995,225
1500,619,2,658,92,722,143
1501,613,2,873,130,992,223
1501,619,2,657,92,722,143
1502,613,2,873,127,988,220
1502,619,2,657,91,723,143
1503,613,2,870,126,985,217
1503,619,2,658,90,723,143
1504,613,2,870,125,983,214
1504,619,2,658,89,725,143
1505,613,2,869,122,981,212
1505,619,2,658,89,725,143
1506,613,2,868,119,979,209
1506,619,2,658,88,726,143
1507,613,2,867,117,977,206
1507,619,2,659,88,728,143
1508,613,2,866,116,974,203
1508,619,2,660,88,729,143
1509,613,2,865,114,973,201
1509,619,2,662,88,730,143
1510,613,2,864,112,970,198
1510,619,2,664,88,731,142
1511,613,2,863,110,968,195
1511,619,2,665,88,732,142
1512,613,2,862,109,966,193
1512,619,2,666,87,732,142
1513,613,2,861,107,964,190
1513,619,2,667,87,733,142
1514,613,2,860,105,963,188
1514,619,2,667,87,733,142
1515,613,2,859,103,961,186
1515,619,2,667,87,734,143
1516,613,2,858,101,960,184
1516,619,2,668,87,736,143
1517,613,2,857,99,958,182
1517,619,2,669,86,737,142
1518,613,2,855,98,956,179
1518,619,2,669,86,738,142
1519,613,2,854,98,954,176
1519,619,2,669,86,739,143
1520,613,2,853,98,952,175
1520,619,2,670,86,741,143
1521,613,2,852,95,950,173
1521,619,2,670,85,741,143
1522,613,2,851,93,948,171
1522,619,2,670,85,743,143
1523,613,2,850,92,947,170
1523,619,2,671,84,743,143
1524,613,2,849,91,945,168
1524,619,2,672,84,745,142
1525,613,2,847,89,943,166
1525,619,2,673,84,746,142
1526,613,2,846,88,941,165
1526,619,2,673,83,746,142
1527,613,2,846,87,940,162
1527,619,2,674,83,747,142
1528,613,2,846,85,938,161
1528,619,2,674,83,748,141
1529,613,2,845,85,938,159
1529,619,2,675,82,749,141
1530,613,2,844,83,938,156
1530,619,2,677,81,750,142
1531,613,2,843,82,937,155
1531,619,2,678,80,752,142
1532,613,2,842,82,935,154
1532,619,2,679,80,753,142
1533,613,7,842,80,934,152
1533,619,2,680,80,755,142
1534,613,7,841,79,932,151
1534,619,2,680,80,756,142
1535,613,2,841,79,932,149
1535,619,2,680,79,758,142
1536,613,2,841,79,932,149
1536,619,2,682,79,759,142
1537,613,2,841,79,931,148
1537,619,2,685,80,761,142
1538,613,7,841,79,931,147
1538,619,2,687,80,762,142
1539,613,7,840,79,929,146
1539,619,2,688,78,765,142
1540,613,7,840,79,928,145
1540,619,2,688,78,767,142
1541,613,7,839,79,926,145
1541,619,2,690,78,768,142
1542,613,7,839,79,926,144
1542,619,2,691,77,770,142
1543,613,7,840,79,926,144
1543,619,2,693,78,771,142
1544,613,7,841,79,926,143
1544,619,2,694,78,771,142
1545,613,7,840,79,927,143
1545,619,2,695,79,773,143
1546,613,7,838,78,927,143
1546,619,2,695,80,773,144
1547,613,7,837,75,926,142
1547,619,2,697,79,774,143
1548,613,7,830,53,934,143
1548,619,2,698,78,775,143
1549,613,7,832,46,944,143
1549,619,2,700,77,776,143
1550,613,7,833,65,926,142
1550,619,2,701,76,777,143
1551,613,2,834,75,919,142
1551,619,2,701,76,779,143
1552,613,2,833,78,916,141
1552,619,2,702,75,780,144
1553,613,2,832,79,913,141
1553,619,2,703,75,781,144
1554,613,7,831,80,911,141
1554,619,2,703,74,782,144
1555,613,7,830,80,911,141
1555,619,2,704,74,783,143
1556,613,7,829,81,908,142
1556,619,2,705,74,784,144
1557,613,7,828,82,903,142
1557,619,2,705,74,785,144
1558,613,2,826,82,902,142
1558,619,2,706,73,787,144
1559,613,2,825,82,898,142
1559,619,2,708,73,789,143
1560,613,2,823,83,896,142
1560,619,2,709,73,790,142
1561,613,2,822,83,895,142
1561,619,2,710,72,791,143
1562,613,2,820,84,894,141
1562,619,2,710,72,792,142
1563,613,2,818,84,893,141
1563,619,2,712,71,794,142
1564,613,2,816,85,893,141
1564,619,2,712,72,794,142
1565,613,2,814,86,891,141
1565,619,2,712,72,795,142
1565,652,2,944,974,1407,1077
1566,613,2,812,86,887,141
1566,619,2,714,72,795,142
1566,652,2,943,941,1418,1078
1567,613,2,811,88,886,141
1567,619,2,715,69,796,142
1567,652,2,952,903,1421,1077
1568,613,2,809,88,884,141
1568,619,2,716,68,797,141
1568,652,2,965,864,1419,1075
1569,613,2,808,89,881,141
1569,619,2,717,68,798,141
1569,652,2,976,828,1416,1076
1570,613,2,807,88,879,142
1570,619,2,717,68,799,141
1570,652,2,984,794,1410,1076
1571,613,2,807,88,876,141
1571,619,2,718,68,800,141
1571,652,2,989,763,1403,1076
1572,613,2,808,90,876,141
1572,619,2,718,67,800,141
1572,652,2,992,731,1398,1077
1573,613,2,806,88,875,140
1573,619,2,719,67,801,141
1573,652,2,995,704,1388,1061
1574,613,2,805,88,872,139
1574,619,7,719,67,802,141
1574,652,2,998,677,1381,1033
1575,613,2,801,88,870,139
1575,619,7,719,66,801,141
1575,652,2,999,652,1373,1002
1576,613,7,796,86,868,140
1576,619,7,720,66,801,141
1576,652,2,1000,626,1364,968
1577,613,2,795,86,867,140
1577,619,2,721,65,804,140
1577,652,2,999,603,1356,935
1578,619,2,721,65,805,140
1578,652,2,998,580,1346,903
1579,619,2,722,64,806,141
1579,652,2,996,559,1338,874
1580,619,2,722,65,806,142
1580,652,2,993,540,1328,847
1580,613,2,799,89,861,139
1581,619,2,722,65,807,142
1581,652,2,989,522,1318,820
1582,619,2,722,65,808,143
1582,652,2,986,506,1308,795
1583,619,2,722,65,808,143
1583,652,2,982,489,1298,771
1583,613,2,802,96,857,139
1584,619,2,723,65,809,143
1584,652,2,978,474,1288,749
1584,613,2,804,96,857,139
1585,619,2,723,65,809,143
1585,652,2,975,460,1278,727
1586,619,7,723,66,809,144
1586,652,2,971,444,1266,707
1587,619,7,723,66,810,145
1587,652,2,966,429,1257,686
1588,619,7,723,66,811,145
1588,652,2,962,416,1248,668
1588,613,2,807,99,853,140
1589,619,7,724,67,812,146
1589,652,2,957,404,1238,651
1589,613,2,808,101,852,141
1590,619,7,725,67,813,147
1590,652,2,952,392,1229,634
1590,613,2,806,98,851,142
1591,619,7,724,67,813,148
1591,652,2,949,381,1221,619
1591,613,2,807,97,851,142
1592,619,2,724,67,815,149
1592,652,2,946,369,1213,603
1592,613,2,807,93,850,141
1593,619,2,724,67,816,150
1593,652,2,943,359,1207,587
1593,613,2,808,95,849,142
1594,619,2,723,68,816,150
1594,652,2,941,348,1200,573
1594,613,2,808,95,848,141
1595,619,2,724,68,816,150
1595,652,2,939,339,1194,560
1595,613,2,809,98,846,140
1596,619,2,724,67,817,150
1596,652,2,937,331,1188,546
1596,613,2,809,99,845,141
1597,652,2,935,321,1182,533
1597,613,2,809,100,844,140
1598,652,2,934,312,1176,521
1598,613,2,810,102,844,140
1598,619,2,723,68,817,153
1599,652,2,933,303,1173,510
1599,613,2,811,102,844,140
1599,619,2,724,69,817,154
1600,652,2,933,295,1167,499
1600,613,2,810,101,843,139
1600,619,2,724,70,817,155
1601,652,2,934,288,1164,488
1601,613,2,811,100,842,139
1601,619,2,725,70,817,156
1602,652,2,933,281,1162,478
1602,619,2,725,71,817,157
1603,652,2,933,275,1159,468
1603,619,2,724,72,816,158
1604,652,2,933,268,1155,459
1604,619,2,723,72,817,159
1605,652,2,932,262,1152,449
1605,619,2,722,73,817,161
1606,652,2,933,257,1150,441
1606,619,2,721,74,817,162
1607,652,2,934,251,1146,434
1607,619,2,722,75,817,163
1608,652,2,934,246,1144,427
1608,619,2,720,76,817,164
1608,613,2,811,102,835,140
1609,652,2,933,242,1140,420
1609,619,2,718,76,816,165
1609,613,2,809,102,834,140
1610,652,2,934,237,1138,413
1610,619,2,717,77,817,166
1611,652,2,934,233,1136,406
1611,619,2,715,78,818,167
1612,652,2,934,229,1134,400
1612,619,2,715,79,815,169
1613,652,2,934,225,1131,394
1613,619,2,714,78,814,170
1614,652,2,934,221,1128,388
1614,619,2,713,80,815,172
1615,652,2,934,219,1125,382
1615,619,2,712,81,815,174
1616,652,2,934,215,1122,375
1616,619,2,710,81,814,175
1617,652,2,933,211,1118,370
1617,619,2,709,81,813,177
1618,652,2,933,208,1116,365
1618,619,2,707,81,812,179
1619,652,2,932,204,1113,359
1619,619,2,705,83,810,181
1620,652,2,931,200,1112,353
1620,619,2,703,84,808,183
1621,652,2,931,195,1111,347
1621,619,2,700,86,807,184
1622,652,2,931,191,1107,341
1622,619,2,700,88,805,185
1623,652,2,930,188,1104,335
1623,619,2,697,88,804,187
1624,652,2,928,185,1100,331
1624,619,2,696,90,803,189
1624,667,2,798,110,852,142
1625,652,2,927,181,1096,325
1625,619,2,695,92,801,190
1625,667,2,801,110,847,141
1626,652,2,927,178,1095,320
1626,619,2,692,91,801,192
1626,667,2,804,111,851,141
1627,652,2,926,175,1093,315
1627,619,2,688,92,800,194
1627,667,2,807,112,850,141
1628,652,2,925,172,1090,310
1628,619,2,685,94,798,195
1628,667,2,811,112,851,141
1629,652,2,924,169,1087,306
1629,619,2,682,95,798,197
1629,667,2,816,112,862,141
1630,652,2,922,166,1083,300
1630,619,2,681,96,797,199
1630,667,2,821,111,874,141
1631,652,2,921,163,1079,297
1631,619,2,680,98,795,200
1631,667,2,827,112,879,141
1632,652,2,919,160,1073,292
1632,619,2,679,99,794,203
1632,667,2,833,112,882,140
1633,652,2,917,155,1070,287
1633,619,2,678,101,792,205
1633,667,2,836,112,881,140
1634,652,2,915,152,1064,282
1634,619,2,676,102,790,207
1634,667,2,837,114,881,140
1635,652,2,913,149,1060,277
1635,619,2,675,103,789,209
1636,652,2,911,147,1058,274
1636,619,2,673,104,789,211
1637,652,2,911,145,1055,271
1637,619,2,672,106,789,213
1638,652,2,910,144,1052,268
1638,619,2,670,108,787,215
1639,652,2,910,143,1049,264
1639,619,2,669,109,786,217
1640,652,2,910,142,1045,261
1640,619,2,668,110,786,219
1641,652,2,906,140,1043,259
1641,619,2,666,112,787,221
1642,652,2,903,139,1039,256
1642,619,2,664,112,785,224
1643,652,2,901,138,1036,252
1643,619,2,663,113,785,226
1644,652,2,901,136,1033,250
1644,619,2,662,115,783,228
1645,652,2,901,133,1031,247
1645,619,2,661,116,783,230
1646,652,2,901,129,1027,242
1646,619,2,661,118,784,232
1647,652,2,899,128,1025,239
1647,619,2,659,119,784,234
1648,652,2,897,122,1022,237
1648,619,2,658,121,784,236
1649,652,2,893,120,1019,234
1649,619,2,658,122,784,238
1650,652,2,891,117,1016,231
1650,619,2,657,123,785,240
1651,652,2,892,118,1012,228
1651,619,2,657,124,785,242
1652,652,2,892,117,1009,226
1652,619,2,656,125,785,245
1653,652,2,891,117,1007,223
1653,619,2,655,127,785,247
1654,652,2,890,116,1005,220
1654,619,2,654,128,785,250
1655,652,2,889,114,1001,218
1655,619,2,654,130,787,253
1656,652,2,886,112,999,214
1656,619,2,653,133,788,256
1657,652,2,885,111,996,212
1657,619,2,651,134,788,259
1658,652,2,883,109,995,209
1658,619,2,651,137,788,261
1659,652,2,881,108,992,206
1659,619,2,649,139,791,264
1660,652,2,879,104,989,204
1660,619,2,650,140,791,267
1661,652,2,878,103,987,202
1661,619,2,649,142,791,270
1662,652,2,877,100,985,200
1662,619,2,649,143,792,273
1662,677,2,651,98,721,143
1663,652,2,875,99,982,197
1663,619,2,646,144,792,276
1663,677,2,650,98,726,144
1664,652,2,874,99,980,194
1664,619,2,643,146,793,278
1664,677,2,648,96,733,144
1665,652,2,873,97,978,193
1665,619,2,642,149,793,281
1665,677,2,648,95,738,144
1666,652,2,872,95,976,191
1666,619,2,638,152,794,284
1666,677,2,648,96,744,144
1667,652,2,871,93,975,189
1667,619,2,638,153,795,286
1667,677,2,655,96,751,144
1668,652,2,870,93,973,186
1668,619,2,637,155,796,288
1668,677,2,660,98,757,144
1669,652,2,869,91,971,183
1669,619,2,637,156,797,291
1669,677,2,675,98,762,143
1670,652,2,869,90,969,182
1670,619,2,637,157,797,294
1670,677,2,684,97,766,143
1671,652,2,868,88,966,178
1671,619,2,635,159,797,297
1671,677,2,698,99,769,143
1672,652,2,867,86,964,176
1672,619,2,634,161,798,299
1672,677,2,702,97,773,142
1673,652,2,866,85,962,175
1673,619,2,633,164,797,302
1673,677,2,714,99,778,143
1674,652,2,864,84,962,173
1674,619,2,632,165,797,306
1674,677,2,706,96,781,142
1675,652,2,864,82,960,171
1675,619,2,631,167,797,309
1675,677,2,704,95,785,142
1676,652,2,863,81,958,169
1676,619,2,631,169,798,313
1676,677,2,700,95,789,142
1677,652,2,862,81,956,168
1677,619,2,629,170,798,317
1677,677,2,703,96,792,142
1678,652,2,861,80,954,167
1678,619,2,628,172,800,320
1679,652,2,861,80,953,165
1679,619,2,628,175,800,323
1680,652,2,860,80,951,164
1680,619,2,628,177,800,327
1680,677,2,718,98,779,142
1681,652,2,858,79,950,162
1681,619,2,628,179,800,330
1681,677,2,723,97,776,141
1682,652,2,858,79,949,160
1682,619,2,627,181,801,333
1682,677,2,727,96,782,141
1683,652,2,857,78,948,158
1683,619,2,626,184,801,337
1683,677,2,730,96,785,141
1684,652,2,857,77,947,156
1684,619,2,625,186,802,341
1684,677,2,730,96,788,141
1685,652,2,856,77,947,156
1685,619,2,624,187,803,345
1685,677,2,731,95,791,141
1686,652,2,854,76,946,156
1686,619,2,623,190,805,349
1686,677,2,733,94,792,142
1687,652,2,854,76,945,155
1687,619,2,623,193,805,352
1687,677,2,733,94,791,142
1688,652,2,855,75,944,152
1688,619,2,623,196,806,356
1688,677,2,732,93,791,142
1689,652,2,855,75,944,151
1689,619,2,622,199,808,360
1689,677,2,731,93,791,142
1690,652,2,854,74,942,150
1690,619,2,621,202,809,364
1690,677,2,729,92,791,142
1691,652,2,853,73,941,149
1691,619,2,621,205,810,368
1691,677,2,728,91,790,141
1692,652,2,851,72,941,149
1692,619,2,620,207,812,371
1692,677,2,727,89,790,140
1693,652,2,850,71,940,148
1693,619,2,620,209,812,374
1693,677,2,725,88,788,140
1694,652,2,849,71,939,147
1694,619,2,619,211,813,377
1694,677,2,723,86,787,140
1695,652,2,849,70,936,145
1695,619,7,619,212,814,380
1695,677,2,720,85,785,139
1696,652,2,849,70,934,145
1696,619,7,619,215,815,383
1696,677,2,718,84,783,138
1697,652,2,848,70,934,145
1697,619,2,619,217,818,386
1697,677,2,716,82,782,137
1698,652,2,847,70,934,145
1698,619,2,619,219,820,390
1698,677,2,716,82,778,135
1699,652,7,847,70,933,145
1699,619,2,620,221,823,393
1699,677,2,714,81,777,132
1700,652,2,847,70,931,145
1700,619,7,621,223,825,397
1700,677,2,714,80,776,131
1701,652,2,847,70,931,144
1701,619,7,622,225,828,401
1701,677,2,712,80,774,130
1702,652,2,846,70,931,144
1702,619,2,623,227,829,406
1702,677,2,711,78,772,129
1703,652,2,845,71,930,143
1703,619,2,624,229,831,412
1703,677,2,709,77,770,128
1704,652,2,845,71,927,143
1704,619,2,624,232,834,416
1704,677,2,708,76,769,127
1705,652,2,843,72,924,142
1705,619,2,626,235,837,420
1705,677,2,708,74,768,126
1706,652,2,841,72,924,142
1706,619,2,627,238,840,426
1706,677,2,707,73,767,125
1707,652,2,841,73,924,142
1707,619,2,628,240,844,431
1707,677,2,706,71,766,124
1708,652,2,839,73,923,142
1708,619,2,628,243,848,436
1708,677,2,706,70,764,122
1709,652,2,839,73,922,142
1709,619,2,630,246,851,442
1709,677,2,705,68,764,121
1710,652,2,837,73,919,142
1710,619,2,631,251,855,448
1710,677,2,705,67,763,121
1711,652,2,837,74,917,143
1711,619,7,633,255,859,455
1711,677,2,706,66,763,120
1712,652,2,835,74,915,142
1712,619,7,634,257,867,462
1712,677,2,706,65,762,118
1713,652,2,834,75,912,143
1713,619,2,634,262,872,469
1713,677,2,706,64,761,116
1714,652,2,833,76,909,142
1714,619,2,634,268,875,477
1714,677,2,705,64,760,115
1715,652,2,832,77,907,142
1715,619,2,633,273,877,484
1715,677,2,705,63,760,114
1716,652,2,831,77,903,142
1716,619,2,632,279,874,491
1716,677,2,705,62,760,113
1717,652,2,828,77,899,141
1717,619,2,630,284,873,499
1717,677,2,705,61,760,111
1718,652,2,825,77,897,142
1718,619,2,629,290,875,508
1718,677,2,706,61,760,110
1719,652,2,823,78,896,142
1719,619,2,627,295,875,516
1719,677,2,706,61,761,109
1720,652,2,821,79,892,142
1720,619,2,626,300,881,526
1720,677,2,706,59,762,108
1721,652,2,819,79,890,142
1721,619,2,624,306,882,534
1721,677,2,707,58,762,108
1722,652,2,818,80,890,143
1722,619,2,622,313,881,543
1722,677,2,707,58,763,107
1723,652,2,815,80,888,143
1723,619,2,621,320,879,552
1723,677,2,709,57,764,106
1724,652,2,814,80,885,142
1724,619,2,618,328,878,561
1724,677,2,710,56,765,106
1725,652,2,812,81,884,142
1725,619,2,616,335,878,571
1725,677,2,709,56,767,105
1726,652,2,811,81,881,142
1726,619,2,614,341,879,581
1726,677,2,709,54,768,105
1727,652,2,809,82,880,142
1727,619,2,611,348,880,591
1727,677,2,711,54,770,104
1728,652,2,808,81,879,142
1728,619,2,610,355,880,602
1728,677,2,712,53,772,103
1729,652,2,806,81,879,142
1729,619,2,608,361,880,611
1729,677,2,712,53,773,102
1730,652,2,806,83,878,142
1730,619,2,605,368,881,623
1730,677,2,714,52,777,101
1731,652,2,806,83,877,142
1731,619,2,602,376,882,633
1731,677,2,716,51,779,101
1732,652,2,804,84,876,142
1732,619,2,599,383,883,644
1732,677,2,718,50,780,100
1733,652,2,803,84,874,142
1733,619,2,597,392,884,655
1733,677,7,721,49,785,99
1734,652,2,800,85,873,142
1734,619,2,595,401,885,667
1734,677,2,722,48,786,98
1735,652,2,799,85,872,142
1735,619,2,591,409,887,678
1735,677,2,724,49,781,97
1736,652,2,799,85,870,142
1736,619,2,589,417,888,691
1736,677,7,726,48,792,97
1737,652,2,798,86,869,142
1737,619,2,586,425,889,703
1737,677,7,730,48,795,96
1738,652,2,797,86,867,142
1738,619,2,584,432,890,717
1739,652,2,796,86,865,142
1739,619,2,581,442,891,729
1739,677,2,733,47,804,96
1740,652,2,797,87,864,142
1740,619,2,577,451,892,744
1740,677,7,736,50,800,95
1741,652,2,796,87,863,142
1741,619,2,575,462,894,759
1742,652,2,794,86,862,142
1742,619,2,573,471,895,774
1743,652,2,793,86,861,142
1743,619,2,570,481,896,790
1744,652,2,792,87,860,142
1744,619,2,565,491,896,806
1745,652,2,791,88,860,141
1745,619,2,560,504,896,821
1745,677,2,759,49,835,93
1746,652,2,790,90,858,141
1746,619,2,554,515,895,838
1746,677,2,781,49,848,90
1747,652,2,790,91,857,141
1747,619,2,549,527,895,857
1748,652,2,790,92,855,142
1748,619,2,543,539,895,875
1749,652,2,790,92,854,142
1749,619,2,537,553,893,894
1750,652,2,789,91,852,142
1750,619,2,530,567,892,913
1750,677,7,814,50,879,96
1751,652,2,788,91,851,142
1751,619,2,524,579,889,932
1751,677,2,821,51,894,95
1752,652,2,787,92,851,142
1752,619,2,517,592,889,951
1752,728,7,1239,921,1791,1070
1753,652,2,786,92,849,142
1753,619,2,510,606,888,970
1753,728,7,1237,898,1780,1072
1754,652,2,785,91,849,142
1754,619,2,501,621,884,992
1754,728,7,1235,872,1767,1074
1755,652,2,785,88,848,142
1755,619,2,494,637,881,1010
1755,728,7,1233,847,1753,1074
1756,652,2,784,87,848,142
1756,619,7,485,652,879,1033
1756,728,7,1229,821,1740,1073
1757,652,2,783,86,847,142
1757,619,2,475,667,877,1055
1757,728,7,1223,798,1727,1073
1757,735,7,474,665,877,1055
1758,652,2,782,87,846,142
1758,619,2,466,683,873,1073
1758,728,7,1215,775,1712,1073
1758,735,7,469,680,873,1069
1759,652,2,781,88,845,142
1759,619,7,455,698,869,1080
1759,728,7,1206,752,1696,1070
1759,735,2,456,698,869,1075
1760,652,2,781,90,843,142
1760,619,7,443,715,865,1080
1760,728,7,1198,729,1677,1070
1760,735,2,443,716,865,1074
1761,652,2,779,91,842,142
1761,728,7,1187,708,1659,1071
1762,652,2,778,92,841,142
1762,728,7,1176,686,1641,1072
1762,619,2,423,750,856,1080
1763,652,2,777,93,839,142
1763,728,7,1163,666,1623,1070
1763,619,2,409,768,851,1080
1764,652,2,776,94,838,142
1764,728,7,1151,646,1606,1071
1764,619,2,398,786,845,1078
1765,652,2,776,95,837,142
1765,728,7,1138,627,1589,1067
1765,619,2,384,802,840,1079
1766,652,2,776,95,836,142
1766,728,7,1127,609,1571,1050
1766,619,2,368,821,834,1080
1767,652,2,775,95,835,142
1767,728,7,1117,592,1550,1025
1767,619,2,354,842,827,1080
1768,652,2,774,96,833,142
1768,728,7,1106,576,1531,999
1768,619,2,336,864,818,1080
1769,652,2,773,96,832,142
1769,728,7,1096,559,1513,973
1769,619,2,345,886,808,1079
1770,652,2,772,97,831,142
1770,728,7,1087,541,1494,947
1770,619,2,360,909,791,1079
1771,652,2,770,97,830,142
1771,728,7,1078,525,1476,920
1771,619,2,360,931,774,1078
1772,652,2,770,97,829,142
1772,728,7,1067,509,1459,896
1772,619,2,351,956,749,1077
1773,652,2,768,97,827,142
1773,728,7,1059,496,1442,873
1773,619,2,343,980,724,1077
1774,652,2,767,98,826,142
1774,728,7,1049,483,1425,851
1774,619,2,336,1007,702,1078
1775,652,2,766,99,824,142
1775,728,7,1040,470,1408,829
1776,652,2,765,99,823,142
1776,728,7,1032,458,1392,810
1777,652,2,764,99,822,141
1777,728,7,1023,445,1380,791
1778,652,2,763,100,821,141
1778,728,7,1015,433,1364,773
1779,652,2,761,100,820,141
1779,728,7,1008,422,1349,755
1780,652,2,760,101,818,141
1780,728,7,1001,409,1336,738
1781,652,2,758,101,817,141
1781,728,7,995,397,1325,721
1782,652,2,757,101,816,141
1782,728,7,992,385,1312,704
1783,652,2,756,101,815,141
1783,728,7,986,377,1301,689
1784,652,2,754,102,814,141
1784,728,7,980,367,1291,675
1784,754,2,768,47,847,85
1785,652,2,753,102,813,141
1785,728,7,975,357,1282,662
1785,754,2,753,47,829,84
1786,652,2,752,103,811,141
1786,728,7,971,348,1272,648
1786,754,2,743,46,807,83
1787,652,2,751,104,811,141
1787,728,7,968,340,1263,635
1787,754,2,726,44,786,82
1788,652,2,750,103,809,142
1788,728,7,966,333,1255,622
1788,754,2,711,44,766,82
1789,652,2,749,104,808,142
1789,728,7,963,323,1249,608
1789,754,2,676,42,748,82
1790,652,2,748,103,805,142
1790,728,7,959,316,1243,596
1790,754,2,653,41,730,83
1790,757,2,653,117,722,144
1791,652,2,746,104,803,142
1791,728,7,958,309,1236,583
1791,754,2,644,41,709,83
1791,757,2,654,115,729,144
1792,652,2,745,104,801,142
1792,728,7,956,303,1231,573
1792,754,2,626,40,691,82
1792,757,2,655,113,735,144
1793,652,2,745,103,799,142
1793,728,7,955,296,1225,562
1793,754,2,608,38,672,81
1793,757,2,655,112,750,144
1794,652,2,744,103,797,141
1794,728,7,954,290,1222,552
1794,754,2,586,37,653,79
1794,757,2,660,111,764,144
1795,652,2,744,102,795,140
1795,728,7,953,283,1217,542
1795,754,2,565,36,635,79
1795,757,2,668,111,778,144
1796,652,2,744,100,796,135
1796,728,7,952,278,1213,532
1796,754,2,554,35,617,78
1796,757,2,690,111,791,143
1797,728,7,952,271,1211,523
1798,728,7,952,265,1208,514
1799,728,7,954,260,1205,505
1799,757,2,728,112,826,142
1800,728,7,953,255,1201,496
1800,757,2,736,111,837,141
1800,652,2,732,92,785,130
1801,728,7,954,249,1201,488
1801,757,2,749,111,849,141
1801,652,2,728,91,782,135
1802,728,7,955,243,1199,480
1802,757,2,770,113,852,140
1802,652,2,726,89,781,136
1803,728,7,957,239,1199,473
1803,757,2,777,113,864,140
1803,652,2,724,87,781,136
1804,728,7,958,234,1196,466
1804,757,2,789,115,875,141
1804,652,2,723,86,778,134
1805,728,7,960,231,1194,459
1805,757,2,800,115,879,141
1805,652,2,721,84,776,132
1806,728,7,962,227,1191,452
1806,757,2,813,115,882,141
1806,652,2,720,82,774,130
1807,728,7,963,223,1191,446
1807,757,2,826,115,882,141
1807,652,2,719,81,772,129
1808,728,7,964,220,1191,441
1808,757,2,836,115,882,141
1808,652,2,718,80,771,127
1809,728,7,966,218,1191,435
1809,757,2,836,116,880,141
1809,652,2,718,80,769,126
1810,728,7,967,214,1191,429
1810,652,2,717,80,768,124
1811,728,7,968,211,1190,425
1811,652,2,716,80,767,123
1812,728,7,969,208,1188,418
1812,652,2,717,78,767,121
1813,728,7,970,206,1188,415
1813,652,2,717,76,767,118
1814,728,7,972,203,1187,410
1814,652,2,717,73,767,116
1815,728,7,973,200,1186,405
1815,652,2,718,70,768,114
1816,728,7,974,197,1183,401
1816,652,2,719,68,769,112
1817,728,7,975,195,1182,397
1817,652,2,720,66,771,111
1818,728,7,977,193,1183,392
1818,652,2,721,65,774,109
1819,728,7,978,191,1185,388
1819,652,2,724,63,777,107
1820,728,7,982,189,1184,385
1820,652,2,728,62,782,106
1820,767,2,653,109,693,143
1821,728,7,984,187,1186,382
1821,652,2,731,62,786,105
1822,728,7,986,185,1187,378
1822,652,2,736,61,790,103
1822,767,2,654,109,695,143
1823,728,7,990,181,1188,374
1823,652,2,741,60,796,102
1823,767,2,654,109,699,143
1824,728,7,993,179,1195,370
1824,652,2,745,58,801,101
1824,767,2,655,107,704,143
1825,728,7,998,177,1201,367
1825,652,2,750,56,803,99
1825,767,2,655,108,707,143
1826,728,7,1003,176,1210,363
1826,652,2,756,55,810,98
1826,767,2,655,107,709,143
1827,728,7,1010,174,1214,360
1827,652,2,761,55,811,97
1827,767,2,655,106,709,143
1828,728,7,1018,173,1220,357
1828,652,2,766,55,815,96
1828,767,2,656,106,713,142
1829,728,7,1027,171,1232,354
1829,652,2,774,55,820,96
1829,767,2,659,105,716,142
1830,728,7,1039,169,1243,350
1830,652,2,782,53,835,96
1830,767,2,664,105,718,142
1831,728,7,1051,168,1258,347
1831,652,2,790,53,849,96
1831,767,2,661,104,720,143
1832,728,7,1063,166,1269,345
1832,652,2,799,54,862,96
1832,767,2,665,103,722,143
1833,728,7,1076,164,1284,341
1833,652,2,807,55,875,96
1833,767,2,667,103,723,143
1834,728,7,1088,163,1299,337
1834,767,2,668,103,725,143
1835,728,7,1104,160,1316,334
1835,767,2,668,103,727,143
1836,728,7,1120,159,1329,332
1836,767,2,670,103,727,143
1837,728,7,1139,157,1340,328
1837,767,2,671,103,730,143
1838,728,7,1157,156,1347,326
1838,767,2,672,102,731,143
1839,728,7,1175,154,1382,322
1839,767,2,672,101,735,143
1840,728,7,1193,151,1407,318
1840,767,2,673,100,738,143
1841,728,7,1212,148,1422,315
1841,767,2,674,99,741,143
1842,728,7,1229,145,1445,312
1842,767,2,676,98,743,143
1843,728,7,1250,142,1461,309
1843,767,2,678,98,745,143
1844,728,7,1270,139,1480,305
1844,767,2,679,98,747,143
1845,728,7,1291,137,1501,301
1845,767,2,682,98,749,143
1846,728,7,1310,135,1522,294
1846,767,2,682,99,751,143
1847,728,7,1347,130,1542,291
1847,767,2,685,98,753,143
1848,728,7,1361,128,1561,288
1848,767,2,687,98,754,142
1849,728,7,1380,123,1577,285
1849,767,2,689,97,755,142
1850,728,7,1399,117,1585,280
1850,767,2,690,97,756,142
1851,728,7,1420,111,1587,273
1851,767,2,690,97,756,142
1852,728,7,1442,105,1587,267
1852,767,2,689,97,757,142
1853,728,7,1461,95,1585,260
1853,767,2,689,97,756,142
1854,728,7,1484,86,1584,254
1854,767,2,689,97,756,142
1855,728,7,1501,79,1584,246
1855,767,2,689,97,756,142
1856,767,2,688,97,755,143
1857,767,2,688,96,756,143
1858,767,2,688,95,756,143
1859,767,2,688,95,755,144
1860,767,2,688,95,754,144
1861,767,2,687,95,754,144
1862,767,2,686,94,754,144
1863,767,2,685,94,754,144
1864,767,2,685,94,755,144
1865,767,2,684,93,755,144
1866,767,2,684,93,755,144
1867,767,2,684,92,755,144
1868,767,2,684,91,755,143
1869,767,2,684,89,755,143
1870,767,2,684,89,757,143
1871,767,2,685,88,758,143
1872,767,2,686,87,759,143
1873,767,2,687,87,761,143
1874,767,2,688,88,762,144
1875,767,2,689,87,763,144
1876,767,2,690,87,765,144
1877,767,2,691,86,767,145
1878,767,2,692,85,769,145
1879,767,2,694,86,771,146
1880,767,2,695,86,772,145
1881,767,2,697,85,774,144
1882,767,2,699,84,777,145
1883,767,2,700,83,779,145
1884,767,2,702,83,781,144
1885,767,2,703,82,782,145
1886,767,2,704,83,784,144
1887,767,2,705,83,785,144
1888,767,2,705,83,787,144
1889,767,2,707,83,789,143
1890,767,2,708,83,790,143
1891,767,2,709,83,791,143
1892,767,2,709,82,792,143
1892,802,2,785,48,868,83
1893,767,2,709,81,793,143
1893,802,2,765,45,850,83
1894,767,2,710,80,793,143
1894,802,2,744,45,828,82
1895,767,2,711,79,795,143
1896,767,2,712,79,795,143
1897,767,2,712,79,796,143
1898,767,2,712,80,797,143
1899,767,2,713,80,798,143
1899,806,2,633,37,722,79
1900,767,2,714,81,799,143
1900,806,2,611,34,699,78
1901,767,2,714,81,801,144
1901,806,2,592,34,678,75
1902,767,2,714,80,802,144
1902,806,2,573,33,654,74
1903,767,2,714,80,803,145
1903,806,2,562,31,630,74
1904,767,2,715,80,804,146
1905,767,2,716,80,805,146
1906,767,2,717,80,806,147
1907,767,2,718,81,807,148
1908,767,2,718,81,809,150
1909,767,2,719,81,810,150
1910,767,2,719,81,811,152
1911,767,2,719,82,812,153
1912,767,2,719,83,813,155
1913,767,2,720,84,814,156
1914,767,2,720,85,815,158
1915,767,2,720,86,815,159
1916,767,2,719,88,815,161
1917,767,2,718,89,814,162
1918,767,2,717,90,814,164
1919,767,2,716,91,813,165
1920,767,2,716,92,813,167
1921,767,2,715,94,813,168
1922,767,2,714,95,813,169
1923,767,2,714,96,813,171
1924,767,2,713,98,813,174
1925,767,2,711,101,813,175
1926,767,2,710,102,813,178
1927,767,2,710,103,813,180
1928,767,2,709,104,814,182
1929,767,2,707,105,813,184
1930,767,2,707,107,813,186
1931,767,2,707,109,813,190
1932,767,2,705,111,812,192
1933,767,2,705,114,810,194
1934,767,2,703,115,809,197
1935,767,2,703,115,810,199
1936,767,2,702,116,810,202
1937,767,2,700,118,810,205
1938,767,2,698,119,810,207
1939,767,2,697,120,809,210
1940,767,2,696,124,808,212
1941,767,2,695,126,807,214
1942,767,2,692,126,806,216
1943,767,2,690,127,806,219
1944,767,2,688,129,805,222
1945,767,2,688,133,804,226
1946,767,2,686,136,803,229
1947,767,2,683,138,802,231
1948,767,2,680,138,802,234
1949,767,2,677,141,801,237
1950,767,2,675,143,799,240
1951,767,2,673,147,799,243
1952,767,2,670,148,798,246
1953,767,2,666,150,797,250
1954,767,2,665,154,796,254
1955,767,2,664,158,794,258
1956,767,2,661,160,794,261
1957,767,2,658,164,792,265
1958,767,2,654,167,789,269
1959,767,2,651,168,787,272
1960,767,2,646,171,785,276
1961,767,2,643,173,784,280
1962,767,2,640,175,782,283
1963,767,2,636,177,780,286
1964,767,2,633,180,779,290
1965,767,2,631,183,779,293
1966,767,2,629,185,780,298
1967,767,2,628,189,779,303
1968,767,2,626,190,778,308
1969,767,2,624,194,779,313
1970,767,2,622,198,779,319
1971,767,2,620,202,780,324
1972,767,2,618,205,780,328
1973,767,2,618,209,780,334
1974,767,2,616,214,781,338
1975,767,2,616,218,782,343
1976,767,2,614,222,782,348
1977,767,2,613,225,783,354
1978,767,2,612,229,783,360
1979,767,2,611,233,784,366
1980,767,2,610,238,785,371
1981,767,2,608,241,786,375
1982,767,2,607,243,787,380
1983,767,2,604,247,786,384
1984,767,2,604,250,787,390
1985,767,2,602,254,789,395
1986,767,2,601,259,789,401
1987,767,2,599,263,791,407
1988,767,2,597,267,792,414
1989,767,2,594,271,792,420
1990,767,2,592,275,794,429
1991,767,2,590,280,794,438
1992,767,2,588,286,795,447
1993,767,2,584,293,795,456
1994,767,2,581,301,794,467
1995,767,2,578,308,792,478
1996,767,2,574,318,792,490
1997,767,2,569,328,792,502
1998,767,2,566,337,792,515
1999,767,2,563,347,790,529
2000,767,2,557,358,790,543
2001,767,2,552,368,790,557
2002,767,2,547,379,789,572
2003,767,2,544,391,789,585
2004,767,2,541,401,788,601
2005,767,2,537,413,789,618
2006,767,2,533,425,790,632
2007,767,2,527,438,790,649
2008,767,2,523,451,791,667
2009,767,2,519,463,792,685
2010,767,2,514,478,792,703
2011,767,2,509,493,793,724
2012,767,2,504,508,795,745
2013,767,2,498,525,795,767
2014,767,2,493,542,795,791
2015,767,2,486,561,795,816
2016,767,2,479,580,795,842
2017,767,2,471,601,793,869
2018,767,2,462,622,791,898
2019,767,2,450,645,787,928
2020,767,2,439,668,783,958
2021,767,2,424,695,778,993
2022,767,2,406,721,770,1027
2023,767,2,386,748,759,1062
2024,767,2,361,776,746,1080
2025,767,2,333,806,732,1080
2026,767,2,301,839,716,1080
2027,767,2,267,873,695,1080
2028,767,2,231,908,671,1080
2029,767,2,219,946,642,1080
2030,767,2,200,990,600,1080
2043,826,2,1134,967,1561,1078
2044,826,2,1137,935,1553,1078
2045,826,2,1142,900,1545,1077
2046,826,2,1144,865,1536,1076
2047,826,2,1145,832,1527,1076
2048,826,2,1145,802,1518,1074
2049,826,2,1145,772,1506,1073
2050,826,2,1144,745,1496,1053
2051,826,2,1140,718,1486,1023
2052,826,2,1137,691,1475,990
2053,826,2,1133,667,1464,958
2054,826,2,1128,642,1453,926
2055,826,2,1123,622,1441,896
2056,826,2,1116,601,1427,867
2057,826,2,1109,583,1413,842
2058,826,2,1101,565,1400,817
2059,826,2,1092,547,1386,794
2060,826,2,1083,530,1371,772
2061,826,2,1073,511,1358,750
2062,826,2,1065,498,1344,729
2063,826,2,1056,484,1330,709
2064,826,2,1047,470,1315,690
2065,826,2,1039,457,1301,672
2066,826,2,1030,444,1288,656
2067,826,2,1022,432,1275,639
2068,826,2,1013,420,1263,623
2069,826,2,1007,408,1253,608
2070,826,2,1001,398,1243,592
2071,826,2,997,387,1234,578
2072,826,2,991,377,1224,565
2073,826,2,987,368,1215,552
2074,826,2,983,360,1209,540
2075,826,2,981,351,1203,527
2076,826,2,978,341,1198,517
2077,826,2,976,333,1193,506
2078,826,2,975,325,1188,495
2079,826,2,973,319,1184,485
2080,826,2,972,313,1178,476
2081,826,2,971,306,1174,467
2082,826,2,971,297,1172,457
2083,826,2,972,292,1169,449
2084,826,2,972,285,1166,441
2085,826,2,973,280,1163,433
2086,826,2,973,276,1161,427
2087,826,2,972,271,1158,420
2088,826,2,972,265,1155,413
2089,826,2,972,262,1154,406
2090,826,2,973,257,1151,400
2091,826,2,973,253,1149,394
2092,826,2,973,248,1147,388
2093,826,2,973,244,1145,381
2094,826,2,973,240,1144,375
2095,826,2,973,236,1143,369
2096,826,2,973,232,1141,365
2097,826,2,973,228,1139,358
2098,826,2,974,224,1138,352
2098,861,2,692,41,774,86
2099,826,2,974,220,1136,347
2099,861,2,711,42,792,86
2100,826,2,973,216,1131,343
2100,861,2,715,43,812,86
2101,826,2,972,212,1127,336
2101,861,2,730,44,830,86
2102,826,2,971,210,1124,331
2102,861,2,750,46,848,86
2103,826,2,971,207,1121,326
2103,861,2,772,47,854,87
2104,826,2,969,202,1120,322
2104,861,2,793,47,877,88
2105,826,2,968,198,1117,317
2105,861,2,817,49,904,90
2106,826,2,966,195,1113,312
2107,826,2,964,192,1110,307
2108,826,2,964,190,1106,302
2108,861,2,869,52,952,92
2109,826,2,963,188,1103,297
2109,861,2,887,53,957,95
2110,826,2,960,184,1099,292
2111,826,2,961,179,1095,288
2112,826,2,960,176,1092,284
2113,826,2,955,173,1089,279
2114,826,2,953,171,1085,275
2115,826,2,951,167,1083,272
2116,826,2,948,166,1078,269
2117,826,2,946,165,1074,266
2118,826,2,945,163,1070,263
2119,826,2,945,161,1067,261
2120,826,2,944,158,1064,258
2121,826,2,941,154,1061,256
2122,826,2,937,152,1058,252
2123,826,2,936,150,1056,249
2124,826,2,935,149,1053,245
2125,826,2,935,147,1050,242
2126,826,2,932,145,1048,239
2127,826,2,931,143,1044,237
2128,826,2,929,142,1043,234
2129,826,2,929,140,1041,231
2130,826,2,926,138,1038,229
2131,826,2,925,137,1035,226
2132,826,2,924,134,1032,224
2133,826,2,923,129,1029,221
2134,826,2,922,125,1027,218
2135,826,2,921,120,1024,216
2136,826,2,920,118,1022,213
2137,826,2,918,115,1021,212
2138,826,2,917,115,1019,209
2139,826,2,915,113,1016,206
2140,826,2,914,115,1014,203